Linux 5.4.0-58-generic (Elliot) 	26/12/20 	_x86_64_	(2 CPU)

18:48:13        CPU     %user     %nice   %system   %iowait    %steal     %idle
18:48:14        all      0,50      0,00      0,50      0,00      0,00     99,00
18:48:15        all      0,00      0,00      0,00      0,00      0,00    100,00
18:48:16        all      8,59      1,01      1,52      0,00      0,00     88,89
18:48:17        all     51,76      0,50      6,53      0,00      0,00     41,21
18:48:18        all     38,12      4,95      3,96      0,00      0,00     52,97
18:48:19        all     68,88     26,02      1,53      0,51      0,00      3,06
18:48:20        all     63,24     29,41      1,47      0,00      0,00      5,88
18:48:21        all     64,00     28,00      2,00      0,00      0,00      6,00
18:48:22        all     66,16     28,79      1,52      0,00      0,00      3,54
18:48:23        all     57,00     36,00      1,50      0,00      0,00      5,50
18:48:24        all     60,61     29,80      2,53      0,00      0,00      7,07
18:48:25        all     60,61     30,81      1,52      0,00      0,00      7,07
18:48:26        all     62,94     29,44      0,51      0,00      0,00      7,11
18:48:27        all     61,62     15,66      4,55      0,00      0,00     18,18
18:48:28        all     59,69     33,16      1,53      0,00      0,00      5,61
18:48:29        all     58,97     33,33      1,03      0,00      0,00      6,67
18:48:30        all     61,11     32,32      1,01      0,51      0,00      5,05
18:48:31        all     62,05     29,74      2,05      0,00      0,00      6,15
18:48:32        all     61,81     29,65      2,01      0,00      0,00      6,53
18:48:33        all     31,16     15,58      0,50      0,00      0,00     52,76
18:48:34        all     28,64     13,07      2,01      0,00      0,00     56,28
18:48:35        all      8,00      1,50      0,50      0,00      0,00     90,00
18:48:36        all      9,55      1,51      1,01      2,01      0,00     85,93
18:48:37        all      7,04      3,02      1,51      0,00      0,00     88,44
18:48:38        all      7,07      1,52      1,01      0,00      0,00     90,40
18:48:39        all      9,05      1,51      1,51      0,00      0,00     87,94
18:48:40        all      8,50      2,00      0,50      0,00      0,00     89,00
18:48:41        all      9,05      2,01      0,50      2,01      0,00     86,43
18:48:42        all      7,50      2,00      0,50      0,00      0,00     90,00
18:48:43        all      9,00      2,00      0,50      0,00      0,00     88,50
18:48:44        all      9,09      1,52      1,52      0,00      0,00     87,88
18:48:45        all      8,12      1,02      1,52      0,00      0,00     89,34
18:48:46        all     11,06      2,01      0,50      1,51      0,00     84,92
18:48:47        all      9,50      1,50      1,00      0,00      0,00     88,00
18:48:48        all      7,61      1,52      0,51      0,00      0,00     90,36
18:48:49        all      7,58      1,52      0,51      0,00      0,00     90,40
18:48:50        all      8,54      2,01      1,51      1,01      0,00     86,93
18:48:51        all     10,15      2,03      1,02      2,03      0,00     84,77
18:48:52        all     25,00     13,00      0,50      0,00      0,00     61,50
18:48:53        all     12,63      5,05      1,01      0,00      0,00     81,31
18:48:54        all      8,12      1,52      1,52      0,00      0,00     88,83
18:48:55        all      9,05      2,01      0,50      0,50      0,00     87,94
18:48:56        all      9,14      2,03      1,02      2,54      0,00     85,28
18:48:57        all      8,63      2,03      0,00      0,00      0,00     89,34
18:48:58        all      9,45      1,99      1,00      0,00      0,00     87,56
18:48:59        all     10,40      1,98      1,49      0,00      0,00     86,14
18:49:00        all      9,00      2,00      1,50      1,00      0,00     86,50
18:49:01        all      8,00      2,00      0,50      0,00      0,00     89,50
18:49:02        all      8,72      0,51      0,51      1,54      0,00     88,72
18:49:03        all     10,89      1,98      1,49      0,00      0,00     85,64
18:49:04        all      8,63      2,03      1,52      0,00      0,00     87,82
18:49:05        all      8,12      1,52      1,52      2,54      0,00     86,29
18:49:06        all      7,58      1,52      0,51      0,00      0,00     90,40
18:49:07        all      7,07      2,02      0,51      2,02      0,00     88,38
18:49:08        all      9,41      2,48      0,99      0,00      0,00     87,13
18:49:09        all      9,00      2,00      0,50      0,00      0,00     88,50
18:49:10        all      8,67      1,02      1,02      0,00      0,00     89,29
18:49:11        all     28,14     12,06      1,51      0,00      0,00     58,29
18:49:12        all     44,10     21,03      1,03      0,00      0,00     33,85
18:49:13        all     59,80     30,88      2,94      0,00      0,00      6,37
18:49:14        all     62,31     30,65      1,01      0,00      0,00      6,03
18:49:15        all     61,03     32,31      0,51      0,00      0,00      6,15
18:49:16        all     65,83     28,64      1,51      0,00      0,00      4,02
18:49:17        all     59,20     33,83      1,00      0,00      0,00      5,97
18:49:18        all     60,41     30,96      0,51      0,00      0,00      8,12
18:49:19        all     17,68     10,61      1,52      0,00      0,00     70,20
18:49:20        all      6,63      1,53      0,51      0,00      0,00     91,33
18:49:21        all      8,96      1,49      0,50      0,00      0,00     89,05
18:49:22        all      8,08      1,01      1,01      0,00      0,00     89,90
18:49:23        all      7,00      1,50      1,00      0,00      0,00     90,50
18:49:24        all      7,14      0,51      0,51      0,00      0,00     91,84
18:49:25        all      7,54      1,01      0,00      2,01      0,00     89,45
18:49:26        all      7,04      2,01      0,50      0,00      0,00     90,45
18:49:27        all      5,58      1,02      1,52      0,00      0,00     91,88
18:49:28        all     29,80     15,15      2,02      0,00      0,00     53,03
18:49:29        all     30,96     17,26      1,02      0,00      0,00     50,76
18:49:30        all      8,50      1,00      1,00      2,50      0,00     87,00
18:49:31        all      7,92      1,49      0,99      0,00      0,00     89,60
18:49:32        all      8,08      2,02      0,51      0,00      0,00     89,39
18:49:33        all      7,07      1,52      0,51      0,00      0,00     90,91
18:49:34        all      7,50      1,00      2,00      0,00      0,00     89,50
18:49:35        all      8,00      2,00      0,00      2,00      0,00     88,00
18:49:36        all      7,11      1,02      1,02      0,00      0,00     90,86
18:49:37        all      7,43      0,99      1,98      0,00      0,00     89,60
18:49:38        all      8,08      1,52      0,51      0,00      0,00     89,90
18:49:39        all      8,12      1,52      1,02      0,00      0,00     89,34
18:49:40        all      8,54      1,01      2,01      2,51      0,00     85,93
18:49:41        all      9,90      1,98      0,50      0,00      0,00     87,62
18:49:42        all      7,11      1,02      0,51      0,00      0,00     91,37
18:49:43        all      7,46      1,49      1,00      0,00      0,00     90,05
18:49:44        all      8,08      1,52      0,51      0,00      0,00     89,90
18:49:45        all      7,43      1,98      1,98      0,00      0,00     88,61
18:49:46        all      7,65      2,04      1,53      3,57      0,00     85,20
18:49:47        all      8,54      1,51      1,01      0,00      0,00     88,94
18:49:48        all      8,50      1,00      1,00      0,00      0,00     89,50
18:49:49        all      8,00      1,00      1,50      0,00      0,00     89,50
18:49:50        all      7,61      1,02      0,51      0,00      0,00     90,86
18:49:51        all      6,63      1,53      0,51      4,08      0,00     87,24
18:49:52        all      7,92      1,49      1,49      0,00      0,00     89,11
18:49:53        all      8,54      1,51      1,01      0,00      0,00     88,94
18:49:54        all      6,60      1,02      1,52      0,00      0,00     90,86
18:49:55        all      8,00      1,00      1,00      0,00      0,00     90,00
18:49:56        all      7,07      2,53      0,51      2,02      0,00     87,88
18:49:57        all      7,00      1,00      1,50      0,00      0,00     90,50
18:49:58        all     12,63      4,55      0,51      0,00      0,00     82,32
18:49:59        all     51,79     22,05      1,54      0,00      0,00     24,62
18:50:00        all      8,12      2,54      0,51      0,00      0,00     88,83
18:50:01        all      7,04      1,01      1,01      3,02      0,00     87,94
18:50:02        all      7,43      0,99      1,98      0,00      0,00     89,60
18:50:03        all      6,06      1,01      1,01      0,00      0,00     91,92
18:50:04        all      7,58      1,01      1,01      0,00      0,00     90,40
18:50:05        all      7,50      2,00      0,50      0,00      0,00     90,00
18:50:06        all      8,50      1,00      2,50      2,50      0,00     85,50
18:50:07        all      7,11      1,02      0,51      0,00      0,00     91,37
18:50:08        all      8,08      1,52      1,01      0,00      0,00     89,39
18:50:09        all      9,00      1,50      1,00      0,00      0,00     88,50
18:50:10        all      9,00      2,00      0,00      0,00      0,00     89,00
18:50:11        all     26,77     16,16      1,52      2,53      0,00     53,03
18:50:12        all      7,50      1,50      0,50      0,00      0,00     90,50
18:50:13        all      7,11      1,52      0,51      0,00      0,00     90,86
18:50:14        all      8,08      1,01      1,01      0,00      0,00     89,90
18:50:15        all      6,50      1,50      1,00      0,00      0,00     91,00
18:50:16        all      7,11      1,02      0,51      2,03      0,00     89,34
18:50:17        all      7,50      1,00      1,00      0,00      0,00     90,50
18:50:18        all      7,61      2,54      1,02      0,00      0,00     88,83
18:50:19        all     10,00      0,50      1,50      0,00      0,00     88,00
18:50:20        all      6,63      2,04      0,00      0,00      0,00     91,33
18:50:21        all      8,46      1,49      1,49      2,49      0,00     86,07
18:50:22        all     34,18     16,84      0,51      0,00      0,00     48,47
18:50:23        all     29,15     14,07      1,51      0,00      0,00     55,28
18:50:24        all     61,08     29,56      1,48      0,49      0,00      7,39
18:50:25        all     58,29     33,67      1,51      0,00      0,00      6,53
18:50:26        all     64,32     26,63      1,01      0,00      0,00      8,04
18:50:27        all     62,19     29,35      1,00      0,00      0,00      7,46
18:50:28        all     62,31     30,15      1,51      0,00      0,00      6,03
18:50:29        all     59,30     36,68      0,00      0,00      0,00      4,02
18:50:30        all     61,11     32,32      1,52      0,00      0,00      5,05
18:50:31        all     58,71     34,83      1,00      0,00      0,00      5,47
18:50:32        all     62,56     27,59      0,99      0,00      0,00      8,87
18:50:33        all      9,05      1,51      0,00      0,00      0,00     89,45
18:50:34        all     11,11      0,51      1,52      0,00      0,00     86,87
18:50:35        all      9,36      0,99      1,97      0,49      0,00     87,19
18:50:36        all      6,57      3,03      2,02      0,00      0,00     88,38
18:50:37        all      9,41      2,48      0,99      0,00      0,00     87,13
18:50:38        all      8,12      1,02      1,52      2,03      0,00     87,31
18:50:39        all      8,12      1,52      0,51      0,00      0,00     89,85
18:50:40        all      9,00      1,50      0,50      0,00      0,00     89,00
18:50:41        all      9,45      1,99      1,00      0,00      0,00     87,56
18:50:42        all      7,00      1,50      2,00      0,00      0,00     89,50
18:50:43        all      7,58      0,51      0,51      2,02      0,00     89,39
18:50:44        all      8,00      2,00      1,00      0,00      0,00     89,00
18:50:45        all      7,18      1,54      0,51      0,00      0,00     90,77
18:50:46        all      7,54      1,01      0,50      0,00      0,00     90,95
18:50:47        all      8,42      1,49      0,99      0,00      0,00     89,11
18:50:48        all      7,11      1,52      0,51      2,54      0,00     88,32
18:50:49        all      7,61      1,02      1,52      0,00      0,00     89,85
18:50:50        all      8,96      2,99      0,50      0,00      0,00     87,56
18:50:51        all      7,61      2,03      1,02      0,00      0,00     89,34
18:50:52        all      6,06      1,01      1,01      0,00      0,00     91,92
18:50:53        all      9,09      1,01      0,00      3,03      0,00     86,87
18:50:54        all      7,61      1,52      0,00      0,00      0,00     90,86
18:50:55        all      7,54      2,01      1,51      0,00      0,00     88,94
18:50:56        all      9,00      1,00      1,00      0,00      0,00     89,00
18:50:57        all     22,11      9,05      1,01      0,00      0,00     67,84
18:50:58        all     17,09      5,53      0,50      0,00      0,00     76,88
18:50:59        all      9,05      2,01      1,01      2,51      0,00     85,43
18:51:00        all      8,00      2,00      1,00      0,00      0,00     89,00
18:51:01        all      9,60      1,52      0,51      0,00      0,00     88,38
18:51:02        all      8,54      2,01      0,50      0,00      0,00     88,94
18:51:03        all      7,00      2,00      2,00      1,50      0,00     87,50
18:51:04        all      7,58      1,01      1,01      0,00      0,00     90,40
18:51:05        all      8,67      2,04      0,00      1,53      0,00     87,76
18:51:06        all      6,97      1,99      1,99      0,00      0,00     89,05
18:51:07        all      7,46      1,49      1,00      0,00      0,00     90,05
18:51:08        all      8,16      2,55      0,51      0,00      0,00     88,78
18:51:09        all     11,50      1,50      0,50      0,00      0,00     86,50
18:51:10        all     55,45     27,72      0,99      1,98      0,00     13,86
18:51:11        all      7,11      2,54      1,02      0,00      0,00     89,34
18:51:12        all      8,08      1,52      1,01      0,00      0,00     89,39
18:51:13        all      9,41      1,98      0,99      0,00      0,00     87,62
18:51:14        all      7,58      2,02      1,01      0,00      0,00     89,39
18:51:15        all      9,05      1,51      0,50      0,00      0,00     88,94
18:51:16        all      9,90      2,48      1,49      1,98      0,00     84,16
18:51:17        all      7,04      2,01      1,01      0,00      0,00     89,95
18:51:18        all      9,05      1,51      0,50      0,00      0,00     88,94
18:51:19        all      9,50      2,00      1,00      0,00      0,00     87,50
18:51:20        all      7,96      1,99      1,49      0,00      0,00     88,56
18:51:21        all      6,97      1,99      1,00      2,49      0,00     87,56
18:51:22        all     41,79     19,90      0,00      0,00      0,00     38,31
18:51:23        all     36,68      9,55      3,52      0,00      0,00     50,25
18:51:24        all     65,00     26,50      3,50      0,00      0,00      5,00
18:51:25        all     63,00     29,50      1,00      0,00      0,00      6,50
18:51:26        all     61,93     31,98      1,02      0,00      0,00      5,08
18:51:27        all     61,62     30,81      1,52      0,00      0,00      6,06
18:51:28        all     60,61     31,31      1,52      0,00      0,00      6,57
18:51:29        all     64,80     30,61      1,02      0,00      0,00      3,57
18:51:30        all     56,28     35,18      0,00      0,00      0,00      8,54
18:51:31        all      8,59      1,52      0,51      2,02      0,00     87,37
18:51:32        all      8,59      1,52      1,52      0,00      0,00     88,38
18:51:33        all      6,06      2,53      2,02      0,00      0,00     89,39
18:51:34        all      8,00      1,50      1,50      0,00      0,00     89,00
18:51:35        all      8,54      2,01      0,00      0,00      0,00     89,45
18:51:36        all      8,59      1,52      0,00      2,02      0,00     87,88
18:51:37        all      7,58      2,02      1,01      0,00      0,00     89,39
18:51:38        all      7,58      2,02      1,01      0,00      0,00     89,39
18:51:39        all     19,50      7,00      1,50      0,00      0,00     72,00
18:51:40        all     20,10      7,54      1,01      0,00      0,00     71,36
18:51:41        all      8,00      2,00      0,50      2,00      0,00     87,50
18:51:42        all      7,54      1,51      1,01      0,00      0,00     89,95
18:51:43        all      7,88      1,48      1,48      0,00      0,00     89,16
18:51:44        all      9,05      2,01      1,51      0,00      0,00     87,44
18:51:45        all      8,63      1,52      0,51      0,00      0,00     89,34
18:51:46        all     53,23     29,85      1,00      2,49      0,00     13,43
18:51:47        all      8,59      2,02      1,01      0,00      0,00     88,38
18:51:48        all      6,90      1,48      1,97      0,00      0,00     89,66
18:51:49        all      8,59      1,52      1,01      0,51      0,00     88,38
18:51:50        all      9,41      1,98      0,99      0,00      0,00     87,62
18:51:51        all      8,08      2,02      0,51      2,53      0,00     86,87
18:51:52        all      7,04      1,51      1,01      0,00      0,00     90,45
18:51:53        all      7,50      2,00      1,00      0,00      0,00     89,50
18:51:54        all      7,65      1,02      1,53      2,55      0,00     87,24
18:51:55        all      9,55      2,01      0,50      0,00      0,00     87,94
18:51:56        all      8,12      2,03      1,02      2,03      0,00     86,80
18:51:57        all      9,00      1,50      2,00      0,00      0,00     87,50
18:51:58        all     27,64     16,08      1,01      0,00      0,00     55,28
18:51:59        all      7,58      1,01      0,51      0,00      0,00     90,91
18:52:00        all      5,64      0,51      1,03      0,00      0,00     92,82
18:52:01        all      6,06      1,52      0,00      0,00      0,00     92,42
18:52:02        all      8,00      1,00      0,50      2,00      0,00     88,50
18:52:03        all      6,47      1,00      1,99      0,00      0,00     90,55
18:52:04        all     38,81     10,95      0,50      0,00      0,00     49,75
18:52:05        all     30,46     12,18      1,02      0,00      0,00     56,35
18:52:06        all      9,00      1,50      0,50      0,00      0,00     89,00
18:52:07        all      8,00      1,50      1,00      2,50      0,00     87,00
18:52:08        all      7,54      1,51      1,01      0,00      0,00     89,95
18:52:09        all      9,00      1,00      2,00      0,00      0,00     88,00
18:52:10        all      8,54      1,51      2,01      0,00      0,00     87,94
18:52:11        all      7,58      1,52      1,01      0,00      0,00     89,90
18:52:12        all      8,42      1,98      0,50      2,48      0,00     86,63
18:52:13        all      6,03      1,51      1,01      0,50      0,00     90,95
18:52:14        all      7,04      2,01      1,01      0,00      0,00     89,95
18:52:15        all      6,53      1,01      2,01      0,00      0,00     90,45
18:52:16        all     19,80      7,61      0,00      0,00      0,00     72,59
18:52:17        all     17,17      4,55      1,52      0,00      0,00     76,77
18:52:18        all      6,06      1,01      1,01      2,02      0,00     89,90
18:52:19        all      7,54      1,51      0,50      0,00      0,00     90,45
18:52:20        all      7,46      0,50      1,49      0,00      0,00     90,55
18:52:21        all      6,12      0,51      1,02      0,00      0,00     92,35
18:52:22        all      6,57      0,51      1,01      0,00      0,00     91,92
18:52:23        all      6,40      1,97      1,48      2,46      0,00     87,68
18:52:24        all      8,50      0,00      1,50      0,00      0,00     90,00
18:52:25        all      6,53      1,51      1,01      0,00      0,00     90,95
18:52:26        all      8,63      0,51      0,00      0,00      0,00     90,86
18:52:27        all      8,04      1,01      1,01      0,00      0,00     89,95
18:52:28        all      9,36      1,48      2,46      1,97      0,00     84,73
18:52:29        all      9,09      0,51      0,51      0,00      0,00     89,90
18:52:30        all      8,59      1,01      1,01      0,00      0,00     89,39
18:52:31        all      7,50      1,00      1,50      0,50      0,00     89,50
18:52:32        all      7,50      1,00      2,00      0,00      0,00     89,50
18:52:33        all      6,57      1,01      1,52      0,00      0,00     90,91
18:52:34        all      6,57      1,52      0,51      1,52      0,00     89,90
18:52:35        all      6,60      1,52      1,02      0,00      0,00     90,86
18:52:36        all      7,00      1,00      1,00      0,00      0,00     91,00
18:52:37        all      6,60      1,52      1,02      0,00      0,00     90,86
18:52:38        all      8,59      1,52      0,51      0,00      0,00     89,39
18:52:39        all      7,54      1,01      2,01      0,00      0,00     89,45
18:52:40        all      6,15      1,03      0,51      2,05      0,00     90,26
18:52:41        all     29,00      8,00      0,00      0,00      0,00     63,00
18:52:42        all     12,44      2,49      1,00      0,00      0,00     84,08
18:52:43        all      7,00      1,50      1,00      0,00      0,00     90,50
18:52:44        all     22,50      6,50      3,00      0,00      0,00     68,00
18:52:45        all     63,37     25,25      2,97      0,00      0,00      8,42
18:52:46        all     60,71     33,16      0,00      0,00      0,00      6,12
18:52:47        all     61,62     28,79      1,01      0,00      0,00      8,59
18:52:48        all     64,65     24,75      1,52      0,51      0,00      8,59
18:52:49        all     66,15     21,03      2,05      0,00      0,00     10,77
18:52:50        all     61,42     30,96      1,52      0,00      0,00      6,09
18:52:51        all     37,88     19,70      0,51      0,00      0,00     41,92
18:52:52        all      8,08      1,01      1,01      0,00      0,00     89,90
18:52:53        all      7,07      1,01      0,51      0,00      0,00     91,41
18:52:54        all      7,00      1,50      1,00      0,50      0,00     90,00
18:52:55        all      6,03      1,51      1,51      0,00      0,00     90,95
18:52:56        all      6,50      1,00      1,50      2,00      0,00     89,00
18:52:57        all      7,50      1,50      1,50      0,00      0,00     89,50
18:52:58        all      9,60      1,01      1,01      0,00      0,00     88,38
18:52:59        all      8,42      1,49      1,98      0,00      0,00     88,12
18:53:00        all      7,54      0,50      1,01      0,00      0,00     90,95
18:53:01        all      7,61      1,02      0,51      2,03      0,00     88,83
18:53:02        all      7,04      1,01      2,01      0,00      0,00     89,95
18:53:03        all      9,00      0,50      0,50      0,00      0,00     90,00
18:53:04        all     27,41     13,20      1,02      0,00      0,00     58,38
18:53:05        all      7,04      0,50      1,51      1,01      0,00     89,95
18:53:06        all      7,07      2,02      1,01      2,02      0,00     87,88
18:53:07        all      7,46      1,99      1,00      0,00      0,00     89,55
18:53:08        all      7,04      1,51      1,01      0,00      0,00     90,45
18:53:09        all      8,42      1,49      0,99      0,00      0,00     89,11
18:53:10        all     28,79     12,63      1,52      0,00      0,00     57,07
18:53:11        all     34,52     18,27      1,02      0,00      0,00     46,19
18:53:12        all      6,06      1,52      0,51      0,00      0,00     91,92
18:53:13        all      6,57      2,02      1,01      0,00      0,00     90,40
18:53:14        all      8,46      1,00      1,00      0,00      0,00     89,55
18:53:15        all      7,11      0,51      1,02      0,00      0,00     91,37
18:53:16        all     20,20      9,09      2,02      0,00      0,00     68,69
18:53:17        all     40,31     22,96      1,53      0,00      0,00     35,20
18:53:18        all      8,21      2,05      0,00      0,00      0,00     89,74
18:53:19        all      9,00      2,00      2,00      0,00      0,00     87,00
18:53:20        all      8,12      2,03      0,51      0,00      0,00     89,34
18:53:21        all     10,00      2,50      1,00      0,00      0,00     86,50
18:53:22        all      8,50      3,00      1,50      2,00      0,00     85,00
18:53:23        all      9,60      1,52      0,51      2,02      0,00     86,36
18:53:24        all      8,00      2,00      1,00      0,00      0,00     89,00
18:53:25        all      8,59      2,02      1,01      0,00      0,00     88,38
18:53:26        all     10,05      3,02      0,50      0,00      0,00     86,43
18:53:27        all      9,09      1,52      0,51      0,51      0,00     88,38
18:53:28        all      8,16      2,04      1,02      2,04      0,00     86,73
18:53:29        all      8,50      2,00      2,00      0,00      0,00     87,50
18:53:30        all     10,00      3,00      0,50      0,00      0,00     86,50
18:53:31        all      9,09      2,02      0,51      0,00      0,00     88,38
18:53:32        all      8,59      1,52      1,52      0,00      0,00     88,38
18:53:33        all      7,07      2,53      0,51      2,53      0,00     87,37
18:53:34        all      9,64      1,52      1,02      0,00      0,00     87,82
18:53:35        all      7,58      2,53      0,51      0,00      0,00     89,39
18:53:36        all      8,96      2,49      0,50      0,00      0,00     88,06
18:53:37        all      8,46      2,49      1,00      0,00      0,00     88,06
18:53:38        all      8,54      2,01      1,01      2,01      0,00     86,43
18:53:39        all     10,00      2,50      0,50      0,00      0,00     87,00
18:53:40        all      9,45      2,49      1,49      0,00      0,00     86,57
18:53:41        all      8,08      2,02      1,01      0,00      0,00     88,89
18:53:42        all      7,04      1,51      1,51      0,00      0,00     89,95
18:53:43        all      7,58      2,53      1,01      0,00      0,00     88,89
18:53:44        all      9,05      1,51      1,51      4,02      0,00     83,92
18:53:45        all      8,54      2,01      1,01      0,00      0,00     88,44
18:53:46        all      8,04      3,02      0,50      0,00      0,00     88,44
18:53:47        all      9,18      2,04      0,51      0,00      0,00     88,27
18:53:48        all      8,00      2,50      0,00      0,00      0,00     89,50
18:53:49        all      8,00      1,00      2,50      2,00      0,00     86,50
18:53:50        all      8,46      2,99      1,00      0,00      0,00     87,56
18:53:51        all      8,00      2,50      2,00      0,00      0,00     87,50
18:53:52        all      8,54      2,51      1,01      0,00      0,00     87,94
18:53:53        all     30,96     13,71      1,02      0,00      0,00     54,31
18:53:54        all      7,46      1,99      1,99      2,49      0,00     86,07
18:53:55        all      8,16      2,55      0,00      0,00      0,00     89,29
18:53:56        all      9,50      2,00      1,00      0,00      0,00     87,50
18:53:57        all      7,58      2,53      0,51      0,00      0,00     89,39
18:53:58        all      7,61      2,03      1,52      0,00      0,00     88,83
18:53:59        all     10,45      1,99      1,99      1,99      0,00     83,58
18:54:00        all      9,00      2,50      0,50      0,00      0,00     88,00
18:54:01        all      8,00      3,50      1,50      0,00      0,00     87,00
18:54:02        all      9,00      2,00      1,00      0,00      0,00     88,00
18:54:03        all      9,00      2,00      2,50      0,00      0,00     86,50
18:54:04        all     17,26      1,52      9,14      3,05      0,00     69,04
18:54:05        all     19,39      2,55      5,10      1,02      0,00     71,94
18:54:06        all      7,58      2,02      0,51      0,00      0,00     89,90
18:54:07        all      9,45      2,49      1,00      0,00      0,00     87,06
18:54:08        all      8,16      2,55      2,55      0,00      0,00     86,73
18:54:09        all      9,18      3,06      0,51      1,53      0,00     85,71
18:54:10        all      8,82      2,45      1,47      0,49      0,00     86,76
18:54:11        all     35,03     19,80      1,52      0,00      0,00     43,65
18:54:12        all     26,63     15,58      2,01      0,00      0,00     55,78
18:54:13        all      7,96      2,99      1,00      0,00      0,00     88,06
18:54:14        all      9,18      1,53      1,02      1,02      0,00     87,24
18:54:15        all     30,15     15,08      1,51      0,00      0,00     53,27
18:54:16        all      6,53      2,01      1,51      0,00      0,00     89,95
18:54:17        all     55,05     27,78      1,52      0,00      0,00     15,66
18:54:18        all     59,18     32,14      2,04      0,00      0,00      6,63
18:54:19        all     62,31     31,16      1,51      0,50      0,00      4,52
18:54:20        all     61,69     35,82      0,50      0,00      0,00      1,99
18:54:21        all     60,41     35,53      1,02      0,00      0,00      3,05
18:54:22        all     60,70     35,32      0,50      0,00      0,00      3,48
18:54:23        all     60,20     26,37      1,00      0,00      0,00     12,44
18:54:24        all     61,88     27,23      2,48      0,50      0,00      7,92
18:54:25        all     59,60     36,36      1,01      0,00      0,00      3,03
18:54:26        all     62,19     25,87      0,50      0,00      0,00     11,44
18:54:27        all     66,16     23,23      1,01      0,00      0,00      9,60
18:54:28        all     60,80     30,65      1,01      0,00      0,00      7,54
18:54:29        all     60,61     33,33      1,52      0,00      0,00      4,55
18:54:30        all     27,36     11,44      1,49      0,00      0,00     59,70
18:54:31        all      8,00      2,00      1,00      0,00      0,00     89,00
18:54:32        all      6,67      1,54      0,51      0,00      0,00     91,28
18:54:33        all      8,00      1,50      1,00      0,00      0,00     89,50
18:54:34        all      8,91      1,98      0,50      0,00      0,00     88,61
18:54:35        all      8,08      1,52      2,02      0,00      0,00     88,38
18:54:36        all      8,63      2,54      0,51      2,03      0,00     86,29
18:54:37        all      7,88      1,48      0,99      0,00      0,00     89,66
18:54:38        all      7,11      1,52      1,52      0,00      0,00     89,85
18:54:39        all      8,96      1,49      1,49      0,00      0,00     88,06
18:54:40        all      7,58      2,02      1,01      0,00      0,00     89,39
18:54:41        all     25,63     13,07      1,51      2,51      0,00     57,29
18:54:42        all     34,18     20,41      0,51      0,00      0,00     44,90
18:54:43        all      6,06      0,51      0,51      0,51      0,00     92,42
18:54:44        all      6,93      0,99      0,99      0,00      0,00     91,09
18:54:45        all      5,53      0,50      1,51      0,00      0,00     92,46
18:54:46        all      6,00      1,50      1,00      2,00      0,00     89,50
18:54:47        all      6,00      0,50      2,00      0,00      0,00     91,50
18:54:48        all      2,02      1,01      0,00      0,00      0,00     96,97
18:54:49        all      1,50      1,00      1,00      0,00      0,00     96,50
18:54:50        all      2,50      0,50      0,00      0,00      0,00     97,00
18:54:51        all      4,04      0,51      0,51      2,02      0,00     92,93
18:54:52        all      7,04      1,01      0,50      0,00      0,00     91,46
18:54:53        all      6,09      0,51      0,51      0,00      0,00     92,89
18:54:54        all      7,04      1,01      0,50      0,00      0,00     91,46
18:54:55        all      6,47      1,00      1,00      1,00      0,00     90,55
18:54:56        all      6,57      0,00      0,51      2,02      0,00     90,91
18:54:57        all      7,00      1,50      1,00      0,00      0,00     90,50
18:54:58        all      6,60      0,00      0,51      0,00      0,00     92,89
18:54:59        all      7,04      1,01      1,01      0,00      0,00     90,95
18:55:00        all      7,07      0,51      1,52      2,02      0,00     88,89
18:55:01        all      6,09      0,00      0,51      2,54      0,00     90,86
18:55:02        all      7,46      1,00      1,49      0,00      0,00     90,05
18:55:03        all     23,50      9,00      0,50      0,00      0,00     67,00
18:55:04        all     12,18      2,54      0,51      0,00      0,00     84,77
18:55:05        all      6,09      1,02      0,00      0,51      0,00     92,39
18:55:06        all      7,00      0,50      1,00      2,00      0,00     89,50
18:55:07        all      6,06      1,01      0,51      0,00      0,00     92,42
18:55:08        all      6,12      0,51      1,02      0,00      0,00     92,35
18:55:09        all      7,61      0,51      1,02      0,00      0,00     90,86
18:55:10        all      7,35      0,98      1,96      0,00      0,00     89,71
18:55:11        all      5,10      0,51      0,51      2,55      0,00     91,33
18:55:12        all      7,92      0,99      0,50      0,00      0,00     90,59
18:55:13        all      5,56      1,01      2,02      0,00      0,00     91,41
18:55:14        all      7,04      1,51      0,00      0,00      0,00     91,46
18:55:15        all      6,06      0,51      1,52      0,51      0,00     91,41
18:55:16        all     31,66      8,04      0,50      0,00      0,00     59,80
18:55:17        all      6,09      0,51      0,51      0,00      0,00     92,89
18:55:18        all      6,00      1,50      1,00      0,00      0,00     91,50
18:55:19        all      7,07      0,51      1,52      0,00      0,00     90,91
18:55:20        all      6,57      1,52      0,00      0,00      0,00     91,92
18:55:21        all      8,46      1,00      1,00      0,50      0,00     89,05
18:55:22        all     32,49      9,64      1,52      2,03      0,00     54,31
18:55:23        all      9,00      2,00      0,50      0,00      0,00     88,50
18:55:24        all      7,65      2,04      1,02      0,00      0,00     89,29
18:55:25        all      8,08      2,02      0,51      0,00      0,00     89,39
18:55:26        all      7,65      1,02      0,00      0,00      0,00     91,33
18:55:27        all      7,96      2,49      1,99      1,49      0,00     86,07
18:55:28        all     10,55      2,01      1,01      0,00      0,00     86,43
18:55:29        all      9,05      2,51      1,01      0,00      0,00     87,44
18:55:30        all     10,45      1,49      1,49      0,00      0,00     86,57
18:55:31        all      9,50      3,50      0,50      0,00      0,00     86,50
18:55:32        all      8,59      2,02      1,01      2,53      0,00     85,86
18:55:33        all      9,14      1,52      1,02      0,00      0,00     88,32
18:55:34        all     41,21     14,57      2,51      0,00      0,00     41,71
18:55:35        all     27,50     13,00      1,00      0,00      0,00     58,50
18:55:36        all      5,56      1,01      1,01      0,00      0,00     92,42
18:55:37        all      6,53      1,51      1,01      0,00      0,00     90,95
18:55:38        all      7,43      1,49      0,99      1,49      0,00     88,61
18:55:39        all      6,67      1,03      0,51      0,00      0,00     91,79
18:55:40        all      7,96      1,99      1,00      0,00      0,00     89,05
18:55:41        all      6,53      0,50      1,01      0,00      0,00     91,96
18:55:42        all      8,50      1,00      1,50      0,00      0,00     89,00
18:55:43        all      8,04      1,51      0,50      2,51      0,00     87,44
18:55:44        all      9,00      1,00      1,50      0,00      0,00     88,50
18:55:45        all      8,54      1,51      0,50      0,00      0,00     89,45
18:55:46        all      9,55      2,01      2,01      0,00      0,00     86,43
18:55:47        all      9,05      2,51      0,50      0,00      0,00     87,94
18:55:48        all      7,69      2,56      1,03      2,05      0,00     86,67
18:55:49        all      9,05      1,51      1,01      0,00      0,00     88,44
18:55:50        all      7,54      2,01      2,01      0,00      0,00     88,44
18:55:51        all      8,12      2,03      1,02      0,00      0,00     88,83
18:55:52        all      8,00      2,50      0,50      0,00      0,00     89,00
18:55:53        all      6,57      2,02      1,01      2,53      0,00     87,88
18:55:54        all      6,97      1,99      1,99      0,00      0,00     89,05
18:55:55        all      8,08      1,01      0,51      0,00      0,00     90,40
18:55:56        all      8,96      2,49      0,00      1,00      0,00     87,56
18:55:57        all      6,50      1,50      1,00      0,00      0,00     91,00
18:55:58        all      9,05      1,51      2,01      2,01      0,00     85,43
18:55:59        all     52,28     31,47      1,02      0,00      0,00     15,23
18:56:00        all      8,00      2,00      1,00      0,00      0,00     89,00
18:56:01        all      6,06      1,01      1,52      0,00      0,00     91,41
18:56:02        all      6,57      1,01      0,51      0,00      0,00     91,92
18:56:03        all      6,50      1,50      1,00      2,50      0,00     88,50
18:56:04        all      6,03      1,51      1,01      0,00      0,00     91,46
18:56:05        all      8,08      1,01      1,52      0,00      0,00     89,39
18:56:06        all      6,60      1,52      0,00      0,00      0,00     91,88
18:56:07        all      6,60      1,02      0,00      0,00      0,00     92,39
18:56:08        all      6,06      1,01      1,01      2,02      0,00     89,90
18:56:09        all      5,61      1,02      0,51      0,00      0,00     92,86
18:56:10        all      8,37      1,97      0,99      0,00      0,00     88,67
18:56:11        all     34,34     10,61      2,02      0,00      0,00     53,03
18:56:12        all      9,09      1,52      0,00      0,00      0,00     89,39
18:56:13        all      9,00      2,00      0,50      0,50      0,00     88,00
18:56:14        all      9,09      1,01      1,01      1,01      0,00     87,88
18:56:15        all      7,58      1,01      0,00      0,00      0,00     91,41
18:56:16        all      7,00      1,50      1,00      0,00      0,00     90,50
18:56:17        all     27,27     13,13      2,02      0,00      0,00     57,58
18:56:18        all      6,53      1,01      1,01      0,00      0,00     91,46
18:56:19        all      6,47      1,49      1,99      1,99      0,00     88,06
18:56:20        all      6,67      1,03      0,51      0,00      0,00     91,79
18:56:21        all      7,46      1,49      1,49      0,00      0,00     89,55
18:56:22        all      6,06      1,01      1,01      0,00      0,00     91,92
18:56:23        all     27,36     15,92      1,49      0,00      0,00     55,22
18:56:24        all      7,07      1,52      1,01      2,53      0,00     87,88
18:56:25        all      6,57      1,52      1,01      0,00      0,00     90,91
18:56:26        all      6,57      1,52      1,52      0,00      0,00     90,40
18:56:27        all      7,54      1,51      0,00      0,00      0,00     90,95
18:56:28        all      7,14      1,02      0,51      0,00      0,00     91,33
18:56:29        all     27,64     12,56      1,01      2,01      0,00     56,78
18:56:30        all     35,86     17,68      1,52      0,00      0,00     44,95
18:56:31        all      7,54      2,01      1,51      0,00      0,00     88,94
18:56:32        all      8,04      1,51      1,01      0,00      0,00     89,45
18:56:33        all      8,46      1,49      1,00      0,00      0,00     89,05
18:56:34        all      7,00      1,50      1,50      1,50      0,00     88,50
18:56:35        all      9,00      1,50      1,50      0,00      0,00     88,00
18:56:36        all      7,54      2,01      0,50      0,00      0,00     89,95
18:56:37        all      7,58      1,01      1,52      0,00      0,00     89,90
18:56:38        all      8,04      1,01      0,50      0,00      0,00     90,45
18:56:39        all      8,00      1,50      0,00      2,00      0,00     88,50
18:56:40        all      9,05      1,51      1,01      0,00      0,00     88,44
18:56:41        all     14,07      4,02      1,01      0,00      0,00     80,90
18:56:42        all     50,26     24,87      1,55      0,00      0,00     23,32
18:56:43        all      6,90      1,48      1,48      0,00      0,00     90,15
18:56:44        all      6,09      1,02      1,02      1,52      0,00     90,36
18:56:45        all      7,54      1,01      1,51      0,00      0,00     89,95
18:56:46        all      7,00      1,50      1,00      0,00      0,00     90,50
18:56:47        all      9,45      1,49      1,99      1,99      0,00     85,07
18:56:48        all      7,65      1,02      1,02      0,00      0,00     90,31
18:56:49        all      8,00      1,50      1,00      2,00      0,00     87,50
18:56:50        all      9,50      2,50      1,00      0,00      0,00     87,00
18:56:51        all      7,58      2,02      0,51      0,00      0,00     89,90
18:56:52        all      8,50      2,00      1,00      0,00      0,00     88,50
18:56:53        all      8,96      1,49      1,99      0,00      0,00     87,56
18:56:54        all      7,14      2,04      0,51      1,53      0,00     88,78
18:56:55        all      7,46      1,99      1,99      0,00      0,00     88,56
18:56:56        all     11,68      1,52      0,00      3,05      0,00     83,76
18:56:57        all     15,08      2,01      2,51      6,03      0,00     74,37
18:56:58        all      8,63      2,03      0,51      0,00      0,00     88,83
18:56:59        all      8,04      2,51      1,01      2,51      0,00     85,93
18:57:00        all      7,43      2,48      2,48      0,00      0,00     87,62
18:57:01        all      7,50      1,50      1,50      0,00      0,00     89,50
18:57:02        all      6,63      1,53      0,51      0,00      0,00     91,33
18:57:03        all      9,50      3,00      0,50      0,50      0,00     86,50
18:57:04        all      8,04      1,51      1,01      2,01      0,00     87,44
18:57:05        all     14,57      5,53      1,01      0,00      0,00     78,89
18:57:06        all     63,18     34,33      1,00      0,00      0,00      1,49
18:57:07        all     22,61     10,55      0,00      0,00      0,00     66,83
18:57:08        all      8,96      1,99      1,00      0,00      0,00     88,06
18:57:09        all      8,96      1,49      1,49      2,49      0,00     85,57
18:57:10        all      8,12      2,03      0,51      0,00      0,00     89,34
18:57:11        all      8,54      0,50      1,01      0,00      0,00     89,95
18:57:12        all      7,58      1,01      1,52      0,00      0,00     89,90
18:57:13        all      8,50      1,50      1,00      0,00      0,00     89,00
18:57:14        all      8,96      0,50      1,49      2,49      0,00     86,57
18:57:15        all      7,54      1,51      1,01      0,00      0,00     89,95
18:57:16        all      8,04      1,01      0,50      0,00      0,00     90,45
18:57:17        all      7,11      1,02      1,02      0,00      0,00     90,86
18:57:18        all     31,12     13,27      1,53      0,00      0,00     54,08
18:57:19        all      8,00      1,50      2,00      2,50      0,00     86,00
18:57:20        all      8,50      1,00      0,50      0,00      0,00     90,00
18:57:21        all      8,50      1,50      1,50      0,00      0,00     88,50
18:57:22        all      7,07      1,52      1,01      0,00      0,00     90,40
18:57:23        all      8,08      2,53      0,51      0,00      0,00     88,89
18:57:24        all     52,53     24,24      1,52      2,53      0,00     19,19
18:57:25        all     12,06      4,52      0,50      0,00      0,00     82,91
18:57:26        all      5,94      0,99      1,98      0,00      0,00     91,09
18:57:27        all      5,61      0,51      0,51      0,00      0,00     93,37
18:57:28        all      6,50      0,50      1,00      0,00      0,00     92,00
18:57:29        all      6,12      0,51      1,02      2,04      0,00     90,31
18:57:30        all     29,35      9,45      1,00      0,00      0,00     60,20
18:57:31        all     10,50      0,50      1,00      0,00      0,00     88,00
18:57:32        all      9,55      0,50      1,01      0,00      0,00     88,94
18:57:33        all      8,96      1,49      1,00      0,00      0,00     88,56
18:57:34        all      8,04      2,01      1,01      2,51      0,00     86,43
18:57:35        all     10,10      2,02      0,00      0,00      0,00     87,88
18:57:36        all      7,11      2,54      1,02      0,00      0,00     89,34
18:57:37        all      9,18      2,55      0,51      0,00      0,00     87,76
18:57:38        all      8,50      3,50      1,50      0,50      0,00     86,00
18:57:39        all     11,11      1,01      0,51      3,03      0,00     84,34
18:57:40        all      8,04      2,01      1,01      0,00      0,00     88,94
18:57:41        all      8,08      1,01      0,00      0,00      0,00     90,91
18:57:42        all     24,75     12,63      0,51      0,00      0,00     62,12
18:57:43        all     10,95      3,98      1,99      0,00      0,00     83,08
18:57:44        all      8,16      1,53      0,51      1,53      0,00     88,27
18:57:45        all      7,00      2,00      1,50      0,00      0,00     89,50
18:57:46        all      9,05      1,51      0,00      0,00      0,00     89,45
18:57:47        all      6,09      2,03      1,02      0,00      0,00     90,86
18:57:48        all     11,39      1,49      0,50      0,00      0,00     86,63
18:57:49        all      8,59      2,02      1,52      0,00      0,00     87,88
18:57:50        all      7,54      2,01      1,01      2,51      0,00     86,93
18:57:51        all      8,00      2,00      2,00      0,00      0,00     88,00
18:57:52        all      8,04      2,01      0,50      0,00      0,00     89,45
18:57:53        all      9,00      2,00      0,50      0,00      0,00     88,50
18:57:54        all     11,56      2,51      1,51      0,00      0,00     84,42
18:57:55        all     29,65     14,07      0,00      0,00      0,00     56,28
18:57:56        all     10,10      1,52      0,00      0,00      0,00     88,38
18:57:57        all      8,54      2,01      1,01      0,00      0,00     88,44
18:57:58        all      9,50      1,00      2,00      0,00      0,00     87,50
18:57:59        all      8,08      2,02      1,01      0,00      0,00     88,89
18:58:00        all      7,50      2,00      2,00      0,00      0,00     88,50
18:58:01        all      7,11      0,51      1,52      2,54      0,00     88,32
18:58:02        all      8,54      1,01      3,02      0,00      0,00     87,44
18:58:03        all      7,07      1,01      1,01      0,00      0,00     90,91
18:58:04        all      7,04      2,01      1,01      0,00      0,00     89,95
18:58:05        all      8,46      1,99      1,99      0,00      0,00     87,56
18:58:06        all      8,63      1,02      0,51      0,00      0,00     89,85
18:58:07        all      7,50      2,00      1,00      2,00      0,00     87,50
18:58:08        all      8,72      1,54      0,51      0,00      0,00     89,23
18:58:09        all      8,50      2,00      1,00      0,00      0,00     88,50
18:58:10        all      6,57      1,01      1,01      0,00      0,00     91,41
18:58:11        all      8,46      1,99      1,00      0,00      0,00     88,56
18:58:12        all     15,23      7,11      1,52      2,03      0,00     74,11
18:58:13        all     49,50     23,76      0,99      0,00      0,00     25,74
18:58:14        all      9,00      2,00      2,00      0,00      0,00     87,00
18:58:15        all      6,09      1,52      1,02      0,00      0,00     91,37
18:58:16        all      7,46      1,99      1,49      0,00      0,00     89,05
18:58:17        all      6,09      1,52      0,51      2,54      0,00     89,34
18:58:18        all     10,50      2,50      1,00      0,00      0,00     86,00
18:58:19        all     26,77     14,14      0,51      0,00      0,00     58,59
18:58:20        all      9,60      2,02      1,01      0,00      0,00     87,37
18:58:21        all      7,46      1,00      2,49      0,00      0,00     89,05
18:58:22        all      7,50      1,00      1,00      2,50      0,00     88,00
18:58:23        all      6,09      1,52      1,02      0,00      0,00     91,37
18:58:24        all      7,04      1,51      0,50      0,00      0,00     90,95
18:58:25        all      7,43      1,49      2,48      0,00      0,00     88,61
18:58:26        all      8,08      1,01      1,01      0,00      0,00     89,90
18:58:27        all      8,96      1,00      0,50      2,49      0,00     87,06
18:58:28        all      7,04      1,51      0,00      0,00      0,00     91,46
18:58:29        all      7,04      1,51      1,51      0,00      0,00     89,95
18:58:30        all      8,00      1,50      1,00      0,00      0,00     89,50
18:58:31        all      8,54      1,51      0,50      0,00      0,00     89,45
18:58:32        all      8,54      1,01      1,01      2,51      0,00     86,93
18:58:33        all      6,12      0,51      0,51      0,00      0,00     92,86
18:58:34        all      7,50      1,50      0,50      0,00      0,00     90,50
18:58:35        all      7,92      0,99      1,49      0,00      0,00     89,60
18:58:36        all      7,14      1,02      0,51      0,00      0,00     91,33
18:58:37        all      8,04      1,01      1,01      2,51      0,00     87,44
18:58:38        all      9,50      1,50      1,50      0,00      0,00     87,50
18:58:39        all      6,57      1,01      1,01      0,00      0,00     91,41
18:58:40        all      6,50      1,50      1,50      0,00      0,00     90,50
18:58:41        all      8,54      1,51      1,01      0,00      0,00     88,94
18:58:42        all      5,58      1,02      0,51      2,03      0,00     90,86
18:58:43        all     27,78     15,15      1,52      0,00      0,00     55,56
18:58:44        all      7,61      1,02      0,00      0,00      0,00     91,37
18:58:45        all      7,50      1,50      0,50      1,00      0,00     89,50
18:58:46        all      7,50      1,50      2,00      0,00      0,00     89,00
18:58:47        all      6,12      0,51      1,02      2,04      0,00     90,31
18:58:48        all      9,41      1,49      1,49      0,00      0,00     87,62
18:58:49        all      8,63      2,03      0,00      0,00      0,00     89,34
18:58:50        all      8,54      2,01      1,01      0,50      0,00     87,94
18:58:51        all      7,61      1,02      1,52      0,00      0,00     89,85
18:58:52        all      9,95      1,99      0,50      2,49      0,00     85,07
18:58:53        all      8,04      2,01      0,50      0,00      0,00     89,45
18:58:54        all      7,54      2,51      1,01      0,00      0,00     88,94
18:58:55        all     28,50     14,50      1,00      0,00      0,00     56,00
18:58:56        all     33,67     18,09      1,51      0,00      0,00     46,73
18:58:57        all      8,08      2,02      1,01      2,02      0,00     86,87
18:58:58        all      9,00      2,00      0,50      0,00      0,00     88,50
18:58:59        all      8,04      1,51      1,01      0,00      0,00     89,45
18:59:00        all      7,11      1,52      0,51      0,00      0,00     90,86
18:59:01        all      9,05      2,01      0,50      0,00      0,00     88,44
18:59:02        all      7,92      1,98      0,99      1,98      0,00     87,13
18:59:03        all      7,61      1,52      2,54      0,00      0,00     88,32
18:59:04        all      8,00      2,00      0,50      0,00      0,00     89,50
18:59:05        all      8,00      1,50      1,50      0,00      0,00     89,00
18:59:06        all      8,54      1,51      0,00      0,00      0,00     89,95
18:59:07        all      8,04      2,51      1,01      0,00      0,00     88,44
18:59:08        all      7,54      2,01      0,50      2,51      0,00     87,44
18:59:09        all      7,58      1,52      0,51      0,00      0,00     90,40
18:59:10        all      8,91      1,49      0,99      0,00      0,00     88,61
18:59:11        all      9,14      2,54      1,52      0,00      0,00     86,80
18:59:12        all     25,00     14,50      1,50      0,00      0,00     59,00
18:59:13        all      7,04      2,51      0,50      2,51      0,00     87,44
18:59:14        all      8,04      1,51      1,01      0,00      0,00     89,45
18:59:15        all      7,04      1,01      1,01      0,00      0,00     90,95
18:59:16        all      7,11      2,03      0,51      0,00      0,00     90,36
18:59:17        all      7,58      1,52      1,01      0,00      0,00     89,90
18:59:18        all      7,39      1,48      1,97      2,96      0,00     86,21
18:59:19        all      7,07      1,52      0,51      0,00      0,00     90,91
18:59:20        all      8,04      2,01      0,50      0,00      0,00     89,45
18:59:21        all      7,46      1,99      1,49      0,00      0,00     89,05
18:59:22        all      7,46      1,49      1,49      0,00      0,00     89,55
18:59:23        all     46,46     29,80      3,03      1,52      0,00     19,19
18:59:24        all      9,95      6,97      0,50      0,00      0,00     82,59
18:59:25        all      5,53      1,51      1,51      0,00      0,00     91,46
18:59:26        all      5,94      1,98      1,98      0,00      0,00     90,10
18:59:27        all     30,96      6,60      3,55      0,00      0,00     58,88
18:59:28        all     58,38     32,99      1,52      0,00      0,00      7,11
18:59:29        all     61,42     33,50      1,02      0,00      0,00      4,06
18:59:30        all     61,69     32,84      1,99      0,00      0,00      3,48
18:59:31        all     58,97     34,36      1,03      0,00      0,00      5,64
18:59:32        all     57,50     36,00      0,50      0,00      0,00      6,00
18:59:33        all     40,70     25,63      1,01      0,00      0,00     32,66
18:59:34        all      7,07      1,52      1,01      0,00      0,00     90,40
18:59:35        all      7,96      1,99      1,49      1,99      0,00     86,57
18:59:36        all      6,60      1,52      1,52      0,00      0,00     90,36
18:59:37        all      8,04      1,01      1,01      0,00      0,00     89,95
18:59:38        all      7,54      1,51      1,51      0,00      0,00     89,45
18:59:39        all      7,58      1,52      0,51      0,00      0,00     90,40
18:59:40        all      8,08      1,52      0,51      2,53      0,00     87,37
18:59:41        all      6,60      1,02      1,02      0,00      0,00     91,37
18:59:42        all      8,54      1,01      0,50      0,00      0,00     89,95
18:59:43        all      7,54      1,01      1,01      0,00      0,00     90,45
18:59:44        all     10,50      3,00      0,50      0,00      0,00     86,00
18:59:45        all      8,12      0,51      0,00      2,03      0,00     89,34
18:59:46        all      6,47      1,99      1,99      1,99      0,00     87,56
18:59:47        all      6,50      2,00      1,00      0,00      0,00     90,50
18:59:48        all      8,63      0,51      1,02      0,00      0,00     89,85
18:59:49        all     45,45     22,73      1,01      0,00      0,00     30,81
18:59:50        all     18,27      7,11      0,00      0,51      0,00     74,11
18:59:51        all      6,50      1,00      2,00      0,00      0,00     90,50
18:59:52        all      6,47      1,49      1,99      0,00      0,00     90,05
18:59:53        all      6,60      1,02      0,51      0,00      0,00     91,88
18:59:54        all      7,96      1,00      1,00      0,00      0,00     90,05
18:59:55        all      9,09      0,51      1,52      0,00      0,00     88,89
18:59:56        all      7,07      1,52      0,51      2,53      0,00     88,38
18:59:57        all      8,04      0,50      1,01      0,00      0,00     90,45
18:59:58        all      6,09      1,52      1,02      0,00      0,00     91,37
18:59:59        all      8,00      1,00      0,00      0,50      0,00     90,50
19:00:00        all      9,60      0,51      1,52      0,00      0,00     88,38
19:00:01        all      8,04      2,51      1,01      2,01      0,00     86,43
19:00:02        all     28,64     14,57      1,51      0,00      0,00     55,28
19:00:03        all      8,63      2,03      1,02      0,00      0,00     88,32
19:00:04        all      8,16      1,53      1,02      0,00      0,00     89,29
19:00:05        all      8,08      2,53      0,51      0,00      0,00     88,89
19:00:06        all     10,50      2,00      0,50      2,50      0,00     84,50
19:00:07        all     10,10      1,52      1,52      0,00      0,00     86,87
19:00:08        all     42,00     24,00      1,00      0,00      0,00     33,00
19:00:09        all     21,50      9,00      1,00      0,00      0,00     68,50
19:00:10        all      8,59      1,01      0,00      0,00      0,00     90,40
19:00:11        all      7,00      2,50      2,00      2,00      0,00     86,50
19:00:12        all      9,45      1,99      1,00      0,00      0,00     87,56
19:00:13        all      9,14      2,03      1,02      0,00      0,00     87,82
19:00:14        all      8,08      2,02      1,01      0,00      0,00     88,89
19:00:15        all      7,50      1,00      1,00      0,00      0,00     90,50
19:00:16        all      6,63      1,53      0,51      2,04      0,00     89,29
19:00:17        all      8,12      1,02      0,51      0,00      0,00     90,36
19:00:18        all      8,04      2,01      0,50      0,00      0,00     89,45
19:00:19        all      7,96      2,49      1,00      0,00      0,00     88,56
19:00:20        all     29,00     12,00      1,50      0,00      0,00     57,50
19:00:21        all     36,87     19,19      0,00      0,51      0,00     43,43
19:00:22        all      6,00      2,00      1,50      0,00      0,00     90,50
19:00:23        all      6,47      1,49      1,49      0,00      0,00     90,55
19:00:24        all      8,04      1,51      1,01      0,00      0,00     89,45
19:00:25        all      7,61      1,02      1,02      0,00      0,00     90,36
19:00:26        all      8,54      2,01      0,50      0,50      0,00     88,44
19:00:27        all      7,04      2,01      0,50      2,01      0,00     88,44
19:00:28        all      6,09      1,52      1,52      0,00      0,00     90,86
19:00:29        all      8,59      1,52      1,01      0,00      0,00     88,89
19:00:30        all      9,45      2,49      1,00      0,00      0,00     87,06
19:00:31        all      8,08      1,52      0,51      0,00      0,00     89,90
19:00:32        all      7,54      2,01      1,51      2,51      0,00     86,43
19:00:33        all      8,54      1,51      0,50      0,00      0,00     89,45
19:00:34        all      7,54      2,51      1,51      0,00      0,00     88,44
19:00:35        all      8,50      1,00      1,00      0,00      0,00     89,50
19:00:36        all      8,54      1,51      1,01      0,00      0,00     88,94
19:00:37        all      7,04      2,01      1,51      1,51      0,00     87,94
19:00:38        all     28,64     15,08      1,51      0,50      0,00     54,27
19:00:39        all      5,08      1,52      0,51      0,00      0,00     92,89
19:00:40        all      7,00      1,50      1,50      0,00      0,00     90,00
19:00:41        all     57,71     27,86      1,99      0,00      0,00     12,44
19:00:42        all     63,64     28,28      2,02      0,00      0,00      6,06
19:00:43        all     63,64     26,77      1,01      0,00      0,00      8,59
19:00:44        all     62,69     30,35      1,99      0,00      0,00      4,98
19:00:45        all     60,00     34,00      0,50      0,00      0,00      5,50
19:00:46        all     62,69     34,33      0,00      0,00      0,00      2,99
19:00:47        all     65,99     29,44      1,02      0,00      0,00      3,55
19:00:48        all     62,63     29,29      1,52      0,00      0,00      6,57
19:00:49        all     61,42     32,49      2,03      0,00      0,00      4,06
19:00:50        all     22,89     11,44      1,00      0,00      0,00     64,68
19:00:51        all      8,00      2,00      1,50      0,00      0,00     88,50
19:00:52        all      8,00      2,00      0,50      0,00      0,00     89,50
19:00:53        all      7,14      2,04      1,02      0,00      0,00     89,80
19:00:54        all      6,60      2,03      0,51      3,05      0,00     87,82
19:00:55        all      8,96      1,99      2,49      0,00      0,00     86,57
19:00:56        all      8,04      2,01      0,50      0,00      0,00     89,45
19:00:57        all      8,00      3,00      1,00      0,00      0,00     88,00
19:00:58        all      8,54      1,51      0,50      0,00      0,00     89,45
19:00:59        all      7,11      1,52      1,02      2,54      0,00     87,82
19:01:00        all      8,04      2,51      0,50      0,00      0,00     88,94
19:01:01        all      8,50      1,00      1,50      0,00      0,00     89,00
19:01:02        all     28,43     14,21      0,51      0,00      0,00     56,85
19:01:03        all      7,07      1,01      0,51      0,00      0,00     91,41
19:01:04        all      8,46      1,99      1,49      0,00      0,00     88,06
19:01:05        all      8,54      2,01      1,51      2,01      0,00     85,93
19:01:06        all      6,57      2,02      0,00      0,00      0,00     91,41
19:01:07        all      7,50      1,50      1,00      0,00      0,00     90,00
19:01:08        all     17,77      9,64      1,52      0,00      0,00     71,07
19:01:09        all     43,22     25,63      1,51      0,00      0,00     29,65
19:01:10        all      8,96      1,99      1,00      2,49      0,00     85,57
19:01:11        all      9,23      2,56      0,00      0,00      0,00     88,21
19:01:12        all      8,50      2,00      0,00      0,00      0,00     89,50
19:01:13        all      8,08      2,02      1,01      0,00      0,00     88,89
19:01:14        all     12,50      2,00      1,00      0,00      0,00     84,50
19:01:15        all      8,59      1,52      1,01      2,02      0,00     86,87
19:01:16        all      8,59      1,52      1,52      0,00      0,00     88,38
19:01:17        all      9,90      2,97      0,50      0,00      0,00     86,63
19:01:18        all      9,55      2,01      0,50      0,00      0,00     87,94
19:01:19        all      8,63      1,52      1,02      2,54      0,00     86,29
19:01:20        all      9,00      2,00      1,50      2,00      0,00     85,50
19:01:21        all      7,54      2,51      1,01      0,00      0,00     88,94
19:01:22        all      6,97      2,49      1,00      0,00      0,00     89,55
19:01:23        all      9,09      2,02      0,51      0,00      0,00     88,38
19:01:24        all      7,50      1,50      1,50      0,00      0,00     89,50
19:01:25        all      6,00      2,00      1,00      2,50      0,00     88,50
19:01:26        all      7,54      1,51      1,51      0,00      0,00     89,45
19:01:27        all     28,21     14,36      0,51      0,00      0,00     56,92
19:01:28        all      7,00      2,00      2,00      0,00      0,00     89,00
19:01:29        all      7,00      1,50      1,50      0,00      0,00     90,00
19:01:30        all      6,63      1,02      1,53      0,00      0,00     90,82
19:01:31        all      8,16      1,53      0,00      1,53      0,00     88,78
19:01:32        all      9,55      2,01      0,00      0,00      0,00     88,44
19:01:33        all     41,21     20,60      1,51      0,00      0,00     36,68
19:01:34        all     23,23     10,61      0,00      0,00      0,00     66,16
19:01:35        all      7,11      1,52      1,52      0,00      0,00     89,85
19:01:36        all      9,05      1,51      0,50      2,51      0,00     86,43
19:01:37        all      6,60      1,52      0,51      0,00      0,00     91,37
19:01:38        all     10,50      2,00      2,00      0,00      0,00     85,50
19:01:39        all     33,84     20,20      0,51      0,00      0,00     45,45
19:01:40        all     28,50     14,50      1,00      0,00      0,00     56,00
19:01:41        all      9,55      2,51      1,01      1,51      0,00     85,43
19:01:42        all      9,14      1,52      0,51      0,00      0,00     88,83
19:01:43        all      8,00      1,50      1,00      0,00      0,00     89,50
19:01:44        all     10,50      2,50      0,50      0,00      0,00     86,50
19:01:45        all     10,71      1,53      0,51      0,00      0,00     87,24
19:01:46        all      8,46      1,49      1,00      1,99      0,00     87,06
19:01:47        all      8,50      2,50      0,50      0,00      0,00     88,50
19:01:48        all      7,61      2,03      1,02      0,00      0,00     89,34
19:01:49        all      7,88      1,97      1,48      1,48      0,00     87,19
19:01:50        all      9,60      1,52      0,51      0,00      0,00     88,38
19:01:51        all      7,54      3,02      1,01      2,01      0,00     86,43
19:01:52        all      8,04      1,51      1,51      0,00      0,00     88,94
19:01:53        all      8,59      2,02      0,51      0,00      0,00     88,89
19:01:54        all      7,50      2,00      1,50      0,00      0,00     89,00
19:01:55        all      7,58      1,52      1,01      0,00      0,00     89,90
19:01:56        all      9,50      3,00      1,00      2,00      0,00     84,50
19:01:57        all      8,04      2,01      1,01      0,00      0,00     88,94
19:01:58        all     10,10      1,52      0,51      0,00      0,00     87,88
19:01:59        all      8,54      2,51      0,00      0,00      0,00     88,94
19:02:00        all      7,46      2,49      1,99      0,50      0,00     87,56
19:02:01        all      6,57      1,01      1,01      2,02      0,00     89,39
19:02:02        all      9,09      2,02      0,51      0,00      0,00     88,38
19:02:03        all      8,08      1,52      0,51      0,00      0,00     89,90
19:02:04        all      8,04      1,51      1,01      0,00      0,00     89,45
19:02:05        all      8,08      2,02      0,00      0,00      0,00     89,90
19:02:06        all      9,05      1,51      1,51      2,51      0,00     85,43
19:02:07        all      7,50      2,00      1,50      0,00      0,00     89,00
19:02:08        all      8,54      1,01      1,51      0,00      0,00     88,94
19:02:09        all      9,14      2,03      0,00      0,00      0,00     88,83
19:02:10        all     27,64     11,56      0,50      0,00      0,00     60,30
19:02:11        all     10,00      3,00      1,50      0,50      0,00     85,00
19:02:12        all      7,54      1,51      1,01      0,00      0,00     89,95
19:02:13        all      7,58      1,52      1,01      0,00      0,00     89,90
19:02:14        all      8,04      2,01      0,50      0,00      0,00     89,45
19:02:15        all      7,58      1,52      1,01      0,00      0,00     89,90
19:02:16        all      9,05      2,51      1,01      0,00      0,00     87,44
19:02:17        all      6,06      1,52      1,01      2,02      0,00     89,39
19:02:18        all      8,54      2,01      1,01      0,00      0,00     88,44
19:02:19        all      7,54      1,51      1,01      0,00      0,00     89,95
19:02:20        all      7,50      1,50      2,00      0,00      0,00     89,00
19:02:21        all      7,61      2,54      0,00      0,00      0,00     89,85
19:02:22        all      7,54      1,51      1,51      2,01      0,00     87,44
19:02:23        all      7,50      1,50      0,00      0,00      0,00     91,00
19:02:24        all      8,50      2,00      1,00      0,00      0,00     88,50
19:02:25        all      7,54      2,01      1,01      0,00      0,00     89,45
19:02:26        all      7,11      1,52      0,51      0,00      0,00     90,86
19:02:27        all      7,92      1,98      1,49      2,97      0,00     85,64
19:02:28        all      9,55      1,51      2,01      0,00      0,00     86,93
19:02:29        all     28,79     13,64      0,51      0,00      0,00     57,07
19:02:30        all      7,54      1,51      0,50      0,00      0,00     90,45
19:02:31        all      7,50      2,00      1,50      0,00      0,00     89,00
19:02:32        all     28,86     15,42      2,99      1,99      0,00     50,75
19:02:33        all      4,04      1,52      0,51      0,00      0,00     93,94
19:02:34        all      5,05      1,01      1,01      0,00      0,00     92,93
19:02:35        all     28,64     14,07      1,51      0,00      0,00     55,78
19:02:36        all     55,94     21,78      3,96      0,00      0,00     18,32
19:02:37        all     58,08     37,37      1,01      0,00      0,00      3,54
19:02:38        all     61,22     34,18      1,53      0,00      0,00      3,06
19:02:39        all     58,79     34,17      1,01      0,00      0,00      6,03
19:02:40        all     57,36     35,53      1,52      0,00      0,00      5,58
19:02:41        all     58,88     34,52      1,52      0,00      0,00      5,08
19:02:42        all     26,50     13,00      1,00      0,00      0,00     59,50
19:02:43        all      8,37      2,46      0,99      1,97      0,00     86,21
19:02:44        all      8,12      1,52      2,03      0,00      0,00     88,32
19:02:45        all      8,54      2,01      0,00      0,00      0,00     89,45
19:02:46        all      7,07      2,02      1,01      0,00      0,00     89,90
19:02:47        all      7,54      2,51      0,00      0,50      0,00     89,45
19:02:48        all      8,42      1,49      2,48      1,98      0,00     85,64
19:02:49        all      8,59      2,02      0,00      0,00      0,00     89,39
19:02:50        all      9,60      2,02      1,01      0,00      0,00     87,37
19:02:51        all     27,00     15,50      1,00      0,00      0,00     56,50
19:02:52        all      7,54      1,51      1,01      0,00      0,00     89,95
19:02:53        all      8,96      1,99      1,00      1,99      0,00     86,07
19:02:54        all      8,63      1,52      0,51      0,00      0,00     89,34
19:02:55        all      7,50      2,00      1,50      0,00      0,00     89,00
19:02:56        all      8,00      2,00      1,50      0,00      0,00     88,50
19:02:57        all      7,54      2,51      1,01      0,00      0,00     88,94
19:02:58        all      9,50      2,00      1,00      0,00      0,00     87,50
19:02:59        all      6,97      1,99      1,49      1,99      0,00     87,56
19:03:00        all      8,08      1,52      0,51      0,00      0,00     89,90
19:03:01        all      9,05      2,01      0,50      0,00      0,00     88,44
19:03:02        all      9,90      2,48      1,98      0,50      0,00     85,15
19:03:03        all      8,08      1,52      0,51      0,00      0,00     89,90
19:03:04        all      6,60      1,52      0,51      0,00      0,00     91,37
19:03:05        all      8,87      1,97      0,99      1,97      0,00     86,21
19:03:06        all      6,12      1,53      1,02      0,00      0,00     91,33
19:03:07        all      7,11      1,02      1,02      0,00      0,00     90,86
19:03:08        all      9,41      2,97      1,49      0,00      0,00     86,14
19:03:09        all      6,06      1,52      0,00      0,00      0,00     92,42
19:03:10        all     52,00     34,50      1,50      2,00      0,00     10,00
19:03:11        all      7,69      1,54      0,00      0,00      0,00     90,77
19:03:12        all      8,00      2,00      1,50      2,50      0,00     86,00
19:03:13        all      7,58      1,52      0,51      0,00      0,00     90,40
19:03:14        all      9,45      1,99      1,49      0,00      0,00     87,06
19:03:15        all      7,61      2,03      0,51      2,54      0,00     87,31
19:03:16        all      7,46      1,00      2,49      0,00      0,00     89,05
19:03:17        all      9,05      2,51      0,00      0,50      0,00     87,94
19:03:18        all      6,03      2,01      1,51      0,00      0,00     90,45
19:03:19        all      9,50      1,50      1,50      0,00      0,00     87,50
19:03:20        all      7,58      2,53      0,51      1,52      0,00     87,88
19:03:21        all      6,53      2,01      1,01      0,00      0,00     90,45
19:03:22        all      6,50      2,00      0,00      0,00      0,00     91,50
19:03:23        all      7,50      1,00      1,00      0,00      0,00     90,50
19:03:24        all     40,89     22,17      0,99      0,00      0,00     35,96
19:03:25        all     59,69     30,10      2,55      0,00      0,00      7,65
19:03:26        all     59,00     36,00      1,00      0,00      0,00      4,00
19:03:27        all     62,12     32,83      1,01      0,00      0,00      4,04
19:03:28        all     59,50     34,50      1,00      0,00      0,00      5,00
19:03:29        all     60,10     34,85      1,01      0,00      0,00      4,04
19:03:30        all     57,50     35,50      0,50      0,00      0,00      6,50
19:03:31        all     32,18     17,33      1,49      0,50      0,00     48,51
19:03:32        all      7,58      1,52      1,01      0,00      0,00     89,90
19:03:33        all      8,12      2,03      0,00      0,00      0,00     89,85
19:03:34        all      8,12      2,54      2,54      0,00      0,00     86,80
19:03:35        all      7,50      2,00      1,00      0,00      0,00     89,50
19:03:36        all      7,04      1,51      1,01      0,00      0,00     90,45
19:03:37        all      8,04      1,51      0,50      2,01      0,00     87,94
19:03:38        all      7,04      1,51      0,50      0,50      0,00     90,45
19:03:39        all      9,45      1,00      1,99      0,00      0,00     87,56
19:03:40        all      7,50      1,50      2,00      0,00      0,00     89,00
19:03:41        all     29,35     14,43      1,49      0,00      0,00     54,73
19:03:42        all      7,11      1,52      0,51      0,00      0,00     90,86
19:03:43        all      8,50      2,00      1,00      1,00      0,00     87,50
19:03:44        all      6,12      2,04      0,51      0,00      0,00     91,33
19:03:45        all      7,50      2,00      1,00      0,00      0,00     89,50
19:03:46        all      9,50      1,00      1,50      0,00      0,00     88,00
19:03:47        all      8,08      2,02      1,01      0,00      0,00     88,89
19:03:48        all      8,04      2,01      0,50      2,01      0,00     87,44
19:03:49        all      7,65      2,04      0,51      0,00      0,00     89,80
19:03:50        all      7,54      2,51      1,01      0,00      0,00     88,94
19:03:51        all      7,07      1,01      1,01      0,00      0,00     90,91
19:03:52        all      8,63      2,54      0,00      0,00      0,00     88,83
19:03:53        all     32,16     19,10      1,01      1,51      0,00     46,23
19:03:54        all     28,93     14,72      2,54      0,00      0,00     53,81
19:03:55        all      7,50      1,50      1,00      0,00      0,00     90,00
19:03:56        all      7,50      1,50      1,00      0,00      0,00     90,00
19:03:57        all      6,57      1,01      1,01      0,00      0,00     91,41
19:03:58        all      8,59      1,52      0,00      3,03      0,00     86,87
19:03:59        all      8,54      1,51      1,51      0,00      0,00     88,44
19:04:00        all      8,04      1,51      1,01      0,00      0,00     89,45
19:04:01        all      8,04      2,01      0,00      0,00      0,00     89,95
19:04:02        all      6,50      1,00      1,00      0,00      0,00     91,50
19:04:03        all      6,57      1,01      1,01      1,01      0,00     90,40
19:04:04        all      8,96      1,99      0,50      3,48      0,00     85,07
19:04:05        all     20,10      8,04      2,51      0,00      0,00     69,35
19:04:06        all     14,93      5,47      0,50      0,00      0,00     79,10
19:04:07        all      6,06      1,52      0,51      0,00      0,00     91,92
19:04:08        all      6,57      1,01      1,52      0,00      0,00     90,91
19:04:09        all      7,58      1,01      1,52      2,02      0,00     87,88
19:04:10        all      6,50      1,00      1,50      0,00      0,00     91,00
19:04:11        all      8,08      1,01      1,52      0,00      0,00     89,39
19:04:12        all     26,77     14,14      0,51      0,00      0,00     58,59
19:04:13        all      8,12      1,02      1,02      0,00      0,00     89,85
19:04:14        all      7,54      1,01      1,01      2,51      0,00     87,94
19:04:15        all      8,87      1,97      1,97      0,00      0,00     87,19
19:04:16        all      8,00      1,00      1,50      0,00      0,00     89,50
19:04:17        all      7,58      2,02      0,00      0,00      0,00     90,40
19:04:18        all     32,84     15,92      0,50      0,50      0,00     50,25
19:04:19        all     55,05     32,83      2,02      0,00      0,00     10,10
19:04:20        all      6,47      1,99      1,49      0,00      0,00     90,05
19:04:21        all      6,09      0,51      1,02      0,00      0,00     92,39
19:04:22        all      8,00      2,00      1,00      0,00      0,00     89,00

Average:        all     15,00      5,56      1,07      0,41      0,00     77,96
