Linux 5.4.0-58-generic (Elliot) 	27/12/20 	_x86_64_	(2 CPU)

11:56:24        CPU     %user     %nice   %system   %iowait    %steal     %idle
11:56:25        all      0,00      0,00      0,51      0,00      0,00     99,49
11:56:26        all      0,00      0,00      0,00      0,00      0,00    100,00
11:56:27        all      1,00      0,00      1,00      0,00      0,00     98,00
11:56:28        all      0,50      0,00      0,50      0,00      0,00     99,00
11:56:29        all      0,00      0,00      0,00      0,00      0,00    100,00
11:56:30        all      0,00      0,00      0,00      2,50      0,00     97,50
11:56:31        all      0,00      0,00      0,50      0,00      0,00     99,50
11:56:32        all      0,50      0,00      0,00      0,00      0,00     99,50
11:56:33        all      0,00      0,00      0,00      0,00      0,00    100,00
11:56:34        all      0,50      0,00      0,00      0,00      0,00     99,50
11:56:35        all      0,00      0,00      0,00      0,50      0,00     99,50
11:56:36        all      0,00      0,00      0,50      0,00      0,00     99,50
11:56:37        all      0,00      0,00      0,00      0,00      0,00    100,00
11:56:38        all      0,50      0,00      0,00      0,00      0,00     99,50
11:56:39        all      0,00      0,00      0,00      0,00      0,00    100,00
11:56:40        all      0,00      0,00      0,00      1,01      0,00     98,99
11:56:41        all      0,50      0,00      0,50      0,00      0,00     99,00
11:56:42        all      0,00      0,00      0,00      0,00      0,00    100,00
11:56:43        all      0,50      0,00      0,00      0,00      0,00     99,50
11:56:44        all      0,51      0,00      0,00      0,00      0,00     99,49
11:56:45        all      0,00      0,00      0,00      0,50      0,00     99,50
11:56:46        all      0,00      0,00      0,50      0,00      0,00     99,50
11:56:47        all      0,00      0,00      0,50      0,50      0,00     99,00
11:56:48        all      0,50      0,00      0,00      0,00      0,00     99,50
11:56:49        all      0,00      0,00      0,00      0,00      0,00    100,00
11:56:50        all      0,00      0,00      1,00      0,50      0,00     98,50
11:56:51        all      0,00      0,00      0,00      0,00      0,00    100,00
11:56:52        all      0,00      0,00      0,50      0,00      0,00     99,50
11:56:53        all      0,00      0,00      0,50      0,00      0,00     99,50
11:56:54        all      0,50      0,00      0,00      0,00      0,00     99,50
11:56:55        all      0,00      0,00      0,00      0,50      0,00     99,50
11:56:56        all      8,50      0,00      1,00      9,00      0,00     81,50
11:56:57        all      4,46      0,00      0,50      0,00      0,00     95,05
11:56:58        all      0,00      0,00      0,00      0,00      0,00    100,00
11:56:59        all      0,00      0,00      0,00      0,00      0,00    100,00
11:57:00        all      0,00      0,00      0,00      0,51      0,00     99,49
11:57:01        all      0,00      0,00      0,00      0,00      0,00    100,00
11:57:02        all      0,49      0,49      0,99      0,00      0,00     98,03
11:57:03        all      0,00      0,00      0,00      0,00      0,00    100,00
11:57:04        all      0,00      0,00      0,50      0,00      0,00     99,50
11:57:05        all      0,50      0,00      0,00      1,01      0,00     98,49
11:57:06        all      0,00      0,00      0,00      0,00      0,00    100,00
11:57:07        all      0,00      0,00      0,50      0,00      0,00     99,50
11:57:08        all      0,00      0,00      0,50      0,00      0,00     99,50
11:57:09        all      0,00      0,50      0,00      0,00      0,00     99,50
11:57:10        all      0,00      0,00      0,00      0,51      0,00     99,49
11:57:11        all      0,00      0,00      0,00      0,00      0,00    100,00
11:57:12        all      0,00      0,00      0,00      0,00      0,00    100,00
11:57:13        all      0,00      0,00      0,50      0,00      0,00     99,50
11:57:14        all      0,00      0,00      0,00      0,00      0,00    100,00
11:57:15        all      1,00      0,00      0,00      0,50      0,00     98,50
11:57:16        all      0,00      0,00      0,00      0,00      0,00    100,00
11:57:17        all      0,00      0,00      0,50      0,00      0,00     99,50
11:57:18        all      0,50      0,00      0,50      0,00      0,00     98,99
11:57:19        all      0,00      0,00      0,00      0,00      0,00    100,00
11:57:20        all      0,00      0,00      0,00      1,01      0,00     98,99
11:57:21        all      0,50      0,00      0,00      0,00      0,00     99,50
11:57:22        all      0,00      0,00      0,00      0,00      0,00    100,00
11:57:23        all      0,50      0,00      0,50      0,00      0,00     99,00
11:57:24        all      1,49      0,00      0,00      0,00      0,00     98,51
11:57:25        all      0,00      0,00      0,00      0,51      0,00     99,49
11:57:26        all      0,00      0,00      0,00      0,00      0,00    100,00
11:57:27        all      0,00      0,00      0,50      0,00      0,00     99,50
11:57:28        all      0,00      0,00      0,00      0,00      0,00    100,00
11:57:29        all      0,00      0,00      0,00      0,00      0,00    100,00
11:57:30        all      0,50      0,00      0,00      1,00      0,00     98,50
11:57:31        all      0,50      0,00      0,50      0,00      0,00     99,01
11:57:32        all      0,00      0,00      0,00      0,00      0,00    100,00
11:57:33        all      0,00      0,00      0,00      0,00      0,00    100,00
11:57:34        all      0,00      0,00      0,50      0,00      0,00     99,50
11:57:35        all      0,00      0,00      0,00      0,50      0,00     99,50
11:57:36        all      0,50      0,00      0,00      0,50      0,00     99,00
11:57:37        all      0,50      0,00      0,00      0,00      0,00     99,50
11:57:38        all      0,00      0,00      0,00      0,00      0,00    100,00
11:57:39        all      0,00      0,00      0,00      0,00      0,00    100,00
11:57:40        all      0,00      0,00      0,00      0,50      0,00     99,50
11:57:41        all      0,00      0,00      0,00      0,00      0,00    100,00
11:57:42        all      0,00      0,00      0,50      0,00      0,00     99,50
11:57:43        all      0,00      0,00      0,00      0,00      0,00    100,00
11:57:44        all      0,00      0,00      0,00      0,00      0,00    100,00
11:57:45        all      0,00      0,00      1,00      1,00      0,00     98,01
11:57:46        all      0,50      0,00      0,00      0,00      0,00     99,50
11:57:47        all      0,00      0,00      0,00      0,00      0,00    100,00
11:57:48        all      0,00      0,00      0,50      0,00      0,00     99,50
11:57:49        all      0,00      0,00      0,00      0,00      0,00    100,00
11:57:50        all      0,00      0,00      0,50      0,50      0,00     99,00
11:57:51        all      0,50      0,00      0,00      0,00      0,00     99,50
11:57:52        all      0,00      0,00      0,50      0,00      0,00     99,50
11:57:53        all      0,00      0,00      0,50      0,00      0,00     99,50
11:57:54        all      0,00      0,00      0,00      0,00      0,00    100,00
11:57:55        all      0,00      0,00      0,50      1,01      0,00     98,49
11:57:56        all      0,00      0,00      0,00      0,00      0,00    100,00
11:57:57        all      0,00      0,00      0,50      0,00      0,00     99,50
11:57:58        all      0,00      0,00      0,50      0,00      0,00     99,50
11:57:59        all      0,00      0,00      0,00      0,00      0,00    100,00
11:58:00        all      0,50      0,00      0,00      0,50      0,00     98,99
11:58:01        all      0,00      0,00      0,50      0,00      0,00     99,50
11:58:02        all      0,00      0,00      0,50      0,00      0,00     99,50
11:58:03        all      1,00      0,00      0,00      0,00      0,00     99,00
11:58:04        all      0,00      0,00      0,00      0,00      0,00    100,00
11:58:05        all      0,00      0,00      0,00      1,00      0,00     99,00
11:58:06        all      0,50      0,00      0,00      0,00      0,00     99,50
11:58:07        all      0,00      0,00      0,00      0,00      0,00    100,00
11:58:08        all      0,00      0,00      0,00      0,00      0,00    100,00
11:58:09        all      1,52      0,00      0,51      0,00      0,00     97,98
11:58:10        all      0,00      0,00      0,00      1,00      0,00     99,00
11:58:11        all      0,00      0,00      0,00      0,00      0,00    100,00
11:58:12        all      0,00      0,00      0,00      0,00      0,00    100,00
11:58:13        all      1,00      0,00      0,50      0,00      0,00     98,51
11:58:14        all      0,00      0,50      0,00      0,00      0,00     99,50
11:58:15        all      0,00      0,00      0,00      0,50      0,00     99,50
11:58:16        all      0,50      0,00      0,00      0,00      0,00     99,50
11:58:17        all      0,00      0,00      0,50      0,00      0,00     99,50
11:58:18        all      0,00      0,00      0,00      0,00      0,00    100,00
11:58:19        all      0,00      0,00      0,00      0,00      0,00    100,00
11:58:20        all      0,50      0,00      0,50      0,50      0,00     98,51
11:58:21        all      0,00      0,00      0,00      0,00      0,00    100,00
11:58:22        all      0,00      0,00      0,00      0,00      0,00    100,00
11:58:23        all      0,50      0,00      0,00      0,00      0,00     99,50
11:58:24        all      0,00      0,00      0,00      0,00      0,00    100,00
11:58:25        all      0,00      0,00      0,50      1,00      0,00     98,50
11:58:26        all      0,00      0,00      0,00      0,00      0,00    100,00
11:58:27        all      0,00      0,00      0,50      0,00      0,00     99,50
11:58:28        all      0,00      0,00      0,00      0,00      0,00    100,00
11:58:29        all      1,00      0,00      0,00      0,00      0,00     99,00
11:58:30        all      0,00      0,00      0,00      0,51      0,00     99,49
11:58:31        all      0,50      0,00      0,50      0,00      0,00     99,00
11:58:32        all      0,50      0,00      0,00      0,00      0,00     99,50
11:58:33        all      0,00      0,00      0,00      0,00      0,00    100,00
11:58:34        all      0,00      0,00      0,50      0,00      0,00     99,50
11:58:35        all      0,00      0,00      0,00      1,01      0,00     98,99
11:58:36        all      0,50      0,00      0,00      0,00      0,00     99,50
11:58:37        all      0,99      0,49      0,99      0,00      0,00     97,54
11:58:38        all      0,00      0,00      0,00      0,00      0,00    100,00
11:58:39        all      0,00      0,00      0,00      0,00      0,00    100,00
11:58:40        all      0,00      0,00      0,00      1,01      0,00     98,99
11:58:41        all      0,00      0,00      1,00      0,00      0,00     99,00
11:58:42        all      0,00      0,00      0,00      0,00      0,00    100,00
11:58:43        all      0,50      0,50      0,00      0,00      0,00     99,00
11:58:44        all      0,00      0,00      0,00      0,00      0,00    100,00
11:58:45        all      0,50      0,00      1,00      1,00      0,00     97,51
11:58:46        all      0,00      0,00      0,00      0,00      0,00    100,00
11:58:47        all      0,50      0,00      0,50      0,00      0,00     99,00
11:58:48        all      0,50      0,00      0,50      0,00      0,00     99,00
11:58:49        all      0,50      0,00      0,00      0,00      0,00     99,50
11:58:50        all      0,00      0,00      0,50      2,50      0,00     97,00
11:58:51        all      0,50      0,00      0,50      0,00      0,00     99,00
11:58:52        all      0,00      0,00      0,00      0,00      0,00    100,00
11:58:53        all      0,00      0,00      0,00      0,00      0,00    100,00
11:58:54        all      1,00      0,00      0,00      0,00      0,00     99,00
11:58:55        all      0,00      0,00      0,00      0,51      0,00     99,49
11:58:56        all      0,00      0,00      0,00      0,00      0,00    100,00
11:58:57        all      0,00      0,00      0,50      0,00      0,00     99,50
11:58:58        all      0,00      0,00      0,50      0,00      0,00     99,50
11:58:59        all      0,00      0,00      0,00      0,00      0,00    100,00
11:59:00        all      0,00      0,00      0,00      0,51      0,00     99,49
11:59:01        all      0,50      0,00      0,00      0,00      0,00     99,50
11:59:02        all      0,50      0,50      0,50      0,00      0,00     98,51
11:59:03        all      0,00      0,00      0,00      0,00      0,00    100,00
11:59:04        all      0,99      0,00      0,50      0,00      0,00     98,51
11:59:05        all      0,00      0,00      0,00      1,01      0,00     98,99
11:59:06        all      0,00      0,00      0,00      0,00      0,00    100,00
11:59:07        all      0,00      0,00      0,50      0,00      0,00     99,50
11:59:08        all      0,50      0,00      0,00      0,00      0,00     99,50
11:59:09        all      0,00      0,00      0,00      0,00      0,00    100,00
11:59:10        all      0,00      0,00      0,50      0,50      0,00     98,99
11:59:11        all      0,50      0,00      0,00      0,00      0,00     99,50
11:59:12        all      0,00      0,00      0,00      0,00      0,00    100,00
11:59:13        all      0,50      0,00      0,00      0,00      0,00     99,50
11:59:14        all      0,50      0,00      0,00      0,00      0,00     99,50
11:59:15        all      0,00      0,00      0,99      0,99      0,00     98,02
11:59:16        all      0,00      0,00      0,00      0,00      0,00    100,00
11:59:17        all      0,00      0,00      0,00      0,00      0,00    100,00
11:59:18        all      0,00      0,00      0,50      0,00      0,00     99,50
11:59:19        all      0,50      0,00      0,00      0,00      0,00     99,50
11:59:20        all      0,00      0,00      0,00      0,51      0,00     99,49
11:59:21        all      0,00      0,00      0,00      0,00      0,00    100,00
11:59:22        all      0,00      0,00      0,00      0,00      0,00    100,00
11:59:23        all      0,00      0,00      0,00      0,00      0,00    100,00
11:59:24        all      0,00      0,00      0,00      0,00      0,00    100,00
11:59:25        all      0,00      0,00      0,00      0,51      0,00     99,49
11:59:26        all      0,00      0,00      0,00      0,00      0,00    100,00
11:59:27        all      0,00      0,00      0,00      0,00      0,00    100,00
11:59:28        all      0,00      0,00      0,00      0,00      0,00    100,00
11:59:29        all      0,00      0,00      0,00      0,00      0,00    100,00
11:59:30        all      0,50      0,00      0,00      1,00      0,00     98,51
11:59:31        all      0,00      0,00      0,50      0,00      0,00     99,50
11:59:32        all      0,00      0,00      0,00      0,00      0,00    100,00
11:59:33        all      0,50      0,00      0,00      0,00      0,00     99,50
11:59:34        all      0,00      0,00      0,00      0,00      0,00    100,00
11:59:35        all      0,00      0,00      0,00      0,51      0,00     99,49
11:59:36        all      0,50      0,50      0,50      0,00      0,00     98,51
11:59:37        all      0,00      0,00      0,50      0,00      0,00     99,50
11:59:38        all      0,50      0,00      1,00      0,00      0,00     98,51
11:59:39        all      0,00      0,00      0,00      0,00      0,00    100,00
11:59:40        all      0,50      0,00      0,00      0,50      0,00     99,00
11:59:41        all      0,00      0,00      0,00      0,00      0,00    100,00
11:59:42        all      0,00      0,00      0,50      0,00      0,00     99,50
11:59:43        all      0,99      0,00      0,49      0,00      0,00     98,52
11:59:44        all      0,50      0,00      0,50      0,00      0,00     99,00
11:59:45        all      0,00      0,00      0,00      0,50      0,00     99,50
11:59:46        all      0,00      0,00      0,00      0,00      0,00    100,00
11:59:47        all      0,00      0,00      0,00      0,00      0,00    100,00
11:59:48        all      0,00      0,00      0,00      0,00      0,00    100,00
11:59:49        all      0,50      0,00      0,00      0,00      0,00     99,50
11:59:50        all      0,50      0,00      0,00      1,00      0,00     98,51
11:59:51        all      0,00      0,00      0,50      0,00      0,00     99,50
11:59:52        all      0,00      0,00      0,00      0,00      0,00    100,00
11:59:53        all      0,50      0,00      0,00      0,00      0,00     99,50
11:59:54        all      0,00      0,00      0,00      0,00      0,00    100,00
11:59:55        all      0,00      0,00      0,00      0,50      0,00     99,50
11:59:56        all      0,50      0,00      0,00      0,00      0,00     99,50
11:59:57        all      0,00      0,50      0,00      0,00      0,00     99,50
11:59:58        all      0,00      0,00      0,00      0,00      0,00    100,00
11:59:59        all      0,50      0,00      0,50      0,00      0,00     99,00
12:00:00        all      0,00      0,00      0,00      0,51      0,00     99,49
12:00:01        all      0,50      0,00      0,00      0,00      0,00     99,50
12:00:02        all      0,00      0,00      0,50      0,00      0,00     99,50
12:00:03        all      0,00      0,00      0,50      0,00      0,00     99,50
12:00:04        all      0,00      0,00      0,50      0,00      0,00     99,50
12:00:05        all      0,00      0,00      0,00      1,01      0,00     98,99
12:00:06        all      0,00      0,00      0,00      0,00      0,00    100,00
12:00:07        all      0,00      0,00      0,00      0,00      0,00    100,00
12:00:08        all      0,00      0,00      0,00      0,00      0,00    100,00
12:00:09        all      0,50      0,00      0,50      0,00      0,00     99,00
12:00:10        all      0,50      0,00      0,50      0,50      0,00     98,51
12:00:11        all      0,00      0,00      0,50      0,00      0,00     99,50
12:00:12        all      0,00      0,00      0,00      0,00      0,00    100,00
12:00:13        all      0,50      0,00      0,50      0,00      0,00     99,00
12:00:14        all      0,00      0,00      0,00      0,00      0,00    100,00
12:00:15        all      0,50      0,00      0,00      0,50      0,00     99,00
12:00:16        all      0,50      0,00      0,00      0,00      0,00     99,50
12:00:17        all      0,50      0,00      0,00      0,00      0,00     99,50
12:00:18        all      0,00      0,00      0,00      0,00      0,00    100,00
12:00:19        all      0,00      0,00      0,00      0,00      0,00    100,00
12:00:20        all      0,50      0,00      0,00      0,50      0,00     98,99
12:00:21        all      0,00      0,00      0,00      0,00      0,00    100,00
12:00:22        all      0,00      0,00      0,00      0,00      0,00    100,00
12:00:23        all      0,00      0,00      0,00      0,00      0,00    100,00
12:00:24        all      0,50      0,00      0,00      0,00      0,00     99,50
12:00:25        all      0,00      0,00      0,00      1,51      0,00     98,49
12:00:26        all      0,50      0,00      0,00      0,00      0,00     99,50
12:00:27        all      0,00      0,00      0,00      0,00      0,00    100,00
12:00:28        all      0,50      0,00      0,00      0,00      0,00     99,50
12:00:29        all      0,50      0,00      0,00      0,00      0,00     99,50
12:00:30        all      0,00      0,00      0,50      1,00      0,00     98,50
12:00:31        all      0,00      0,00      0,00      0,00      0,00    100,00
12:00:32        all      0,00      0,00      0,00      0,00      0,00    100,00
12:00:33        all      0,00      0,00      0,00      0,00      0,00    100,00
12:00:34        all      1,00      0,00      0,00      0,00      0,00     99,00
12:00:35        all      0,00      0,00      0,50      0,50      0,00     99,00
12:00:36        all      0,00      0,50      0,50      0,00      0,00     99,00
12:00:37        all      0,00      0,50      0,50      0,00      0,00     99,00
12:00:38        all      0,50      0,00      0,50      0,00      0,00     99,00
12:00:39        all      0,50      0,00      0,00      0,00      0,00     99,50
12:00:40        all      0,50      0,00      0,00      1,01      0,00     98,49
12:00:41        all      0,00      0,00      0,50      0,00      0,00     99,50
12:00:42        all      0,00      0,00      0,00      0,00      0,00    100,00
12:00:43        all      0,00      0,00      0,00      0,00      0,00    100,00
12:00:44        all      1,49      0,00      0,00      0,00      0,00     98,51
12:00:45        all      0,00      0,00      0,50      0,50      0,00     98,99
12:00:46        all      0,00      0,00      0,00      0,00      0,00    100,00
12:00:47        all      0,00      0,00      0,00      0,00      0,00    100,00
12:00:48        all      0,50      0,00      0,50      0,00      0,00     98,99
12:00:49        all      0,00      0,00      0,00      0,00      0,00    100,00
12:00:50        all      0,00      0,00      0,50      1,01      0,00     98,49
12:00:51        all      0,00      0,00      0,50      0,00      0,00     99,50
12:00:52        all      0,00      0,00      0,00      0,00      0,00    100,00
12:00:53        all      0,00      0,00      0,50      0,00      0,00     99,50
12:00:54        all      0,50      0,00      0,50      0,00      0,00     99,00
12:00:55        all      0,00      0,00      0,00      0,51      0,00     99,49
12:00:56        all      0,00      0,00      0,50      0,00      0,00     99,50
12:00:57        all      0,00      0,00      0,00      0,00      0,00    100,00
12:00:58        all      0,00      0,00      0,00      0,00      0,00    100,00
12:00:59        all      0,00      0,00      0,00      0,00      0,00    100,00
12:01:00        all      0,51      0,00      0,00      0,51      0,00     98,99
12:01:01        all      0,50      0,00      0,00      0,00      0,00     99,50
12:01:02        all      0,51      0,00      0,51      0,00      0,00     98,99
12:01:03        all      1,01      0,00      0,00      0,00      0,00     98,99
12:01:04        all      0,00      0,00      0,00      0,00      0,00    100,00
12:01:05        all      0,50      0,00      0,00      0,50      0,00     99,00
12:01:06        all      0,00      0,00      0,50      0,00      0,00     99,50
12:01:07        all      0,50      0,00      0,00      0,00      0,00     99,50
12:01:08        all      0,00      0,00      0,00      0,00      0,00    100,00
12:01:09        all      1,00      0,00      0,00      0,00      0,00     99,00
12:01:10        all      0,00      0,00      0,50      1,49      0,00     98,02
12:01:11        all      0,00      0,00      0,00      0,00      0,00    100,00
12:01:12        all      0,00      0,00      0,00      0,00      0,00    100,00
12:01:13        all      0,00      0,00      0,00      0,00      0,00    100,00
12:01:14        all      1,50      0,00      0,50      0,00      0,00     98,00
12:01:15        all      1,50      0,00      0,00      0,50      0,00     98,00
12:01:16        all      0,00      0,00      0,00      0,00      0,00    100,00
12:01:17        all      0,00      0,00      0,50      0,00      0,00     99,50
12:01:18        all      0,00      0,00      0,00      0,00      0,00    100,00
12:01:19        all      0,50      0,00      0,00      0,00      0,00     99,50
12:01:20        all      0,00      0,00      0,50      1,00      0,00     98,50
12:01:21        all      0,00      0,00      0,00      0,00      0,00    100,00
12:01:22        all      0,00      0,00      0,50      0,00      0,00     99,50
12:01:23        all      0,50      0,00      0,50      0,00      0,00     99,00
12:01:24        all      0,50      0,00      0,00      0,00      0,00     99,50
12:01:25        all      0,00      0,00      0,00      0,00      0,00    100,00
12:01:26        all      0,00      0,50      0,50      0,00      0,00     99,00
12:01:27        all      0,00      0,00      0,50      0,00      0,00     99,50
12:01:28        all      0,00      0,00      0,00      0,50      0,00     99,50
12:01:29        all      0,00      0,00      0,00      0,00      0,00    100,00
12:01:30        all      0,00      0,50      0,00      0,50      0,00     99,00
12:01:31        all      0,00      0,00      0,00      0,00      0,00    100,00
12:01:32        all      1,00      0,00      0,50      0,00      0,00     98,50
12:01:33        all      0,50      0,00      0,99      0,00      0,00     98,51
12:01:34        all      0,00      0,00      0,50      0,00      0,00     99,50
12:01:35        all      0,00      0,00      0,50      1,00      0,00     98,51
12:01:36        all      0,50      0,00      0,00      0,00      0,00     99,50
12:01:37        all      0,50      0,00      0,00      0,00      0,00     99,50
12:01:38        all      1,01      0,00      0,00      0,00      0,00     98,99
12:01:39        all      0,00      0,00      0,00      0,00      0,00    100,00
12:01:40        all      0,51      0,00      0,00      0,51      0,00     98,99
12:01:41        all      1,51      0,00      0,00      0,00      0,00     98,49
12:01:42        all      0,50      0,00      0,00      0,00      0,00     99,50
12:01:43        all      0,51      0,00      0,00      0,00      0,00     99,49
12:01:44        all      0,50      0,00      0,50      0,00      0,00     99,00
12:01:45        all      0,00      0,00      0,50      1,00      0,00     98,51
12:01:46        all      0,00      0,00      0,00      0,00      0,00    100,00
12:01:47        all      0,00      0,00      0,00      0,00      0,00    100,00
12:01:48        all      0,00      0,00      0,00      0,00      0,00    100,00
12:01:49        all      0,50      0,00      0,50      0,00      0,00     98,99
12:01:50        all      1,00      0,00      0,50      0,50      0,00     98,00
12:01:51        all      0,50      0,00      0,99      0,00      0,00     98,51
12:01:52        all      0,50      0,00      0,00      0,00      0,00     99,50
12:01:53        all      1,00      0,00      0,00      0,00      0,00     99,00
12:01:54        all      1,50      0,00      0,00      0,00      0,00     98,50
12:01:55        all      0,00      0,00      0,50      0,50      0,00     98,99
12:01:56        all      0,00      0,00      0,00      0,00      0,00    100,00
12:01:57        all      0,00      0,00      0,00      0,00      0,00    100,00
12:01:58        all      0,50      0,00      0,00      0,00      0,00     99,50
12:01:59        all      0,00      0,00      0,50      0,00      0,00     99,50
12:02:00        all      0,50      0,00      0,00      1,01      0,00     98,49
12:02:01        all      0,50      0,00      0,50      0,00      0,00     99,00
12:02:02        all      0,00      0,00      0,00      0,00      0,00    100,00
12:02:03        all      0,50      0,00      0,00      0,00      0,00     99,50
12:02:04        all      0,00      0,00      0,00      0,00      0,00    100,00
12:02:05        all      0,00      0,00      0,00      0,50      0,00     99,50
12:02:06        all      0,00      0,00      0,50      0,00      0,00     99,50
12:02:07        all      0,00      0,00      0,00      0,00      0,00    100,00
12:02:08        all      0,00      0,50      0,00      0,00      0,00     99,50
12:02:09        all      0,00      0,00      0,00      0,00      0,00    100,00
12:02:10        all      0,00      0,00      0,00      1,01      0,00     98,99
12:02:11        all      0,49      0,00      0,99      0,00      0,00     98,52
12:02:12        all      0,00      0,00      0,00      0,00      0,00    100,00
12:02:13        all      0,00      0,00      0,00      0,00      0,00    100,00
12:02:14        all      0,00      0,00      0,00      0,00      0,00    100,00
12:02:15        all      0,00      0,00      0,00      0,51      0,00     99,49
12:02:16        all      1,00      0,00      0,50      0,00      0,00     98,51
12:02:17        all      0,00      0,00      0,00      0,00      0,00    100,00
12:02:18        all      0,00      0,00      0,50      0,00      0,00     99,50
12:02:19        all      0,00      0,00      0,00      0,00      0,00    100,00
12:02:20        all      0,99      0,00      0,00      1,49      0,00     97,52
12:02:21        all      0,00      0,00      0,00      0,00      0,00    100,00
12:02:22        all      0,00      0,00      0,00      0,00      0,00    100,00
12:02:23        all      0,50      0,00      0,50      0,00      0,00     99,00
12:02:24        all      0,50      0,00      0,00      0,00      0,00     99,50
12:02:25        all      1,00      0,50      0,00      0,50      0,00     98,00
12:02:26        all      0,50      0,00      0,50      0,00      0,00     99,00
12:02:27        all      0,00      0,00      0,50      0,00      0,00     99,50
12:02:28        all      1,00      0,00      0,00      0,00      0,00     99,00
12:02:29        all      0,00      0,00      0,50      0,00      0,00     99,50
12:02:30        all      0,50      0,00      0,00      0,50      0,00     98,99
12:02:31        all      0,00      0,00      0,00      0,00      0,00    100,00
12:02:32        all      0,00      0,00      0,00      0,00      0,00    100,00
12:02:33        all      0,00      0,00      0,00      0,00      0,00    100,00
12:02:34        all      0,50      0,00      0,00      0,00      0,00     99,50
12:02:35        all      0,00      0,00      0,00      1,01      0,00     98,99
12:02:36        all      0,50      0,00      0,00      0,00      0,00     99,50
12:02:37        all      0,00      0,00      0,50      0,00      0,00     99,50
12:02:38        all      0,50      0,00      0,50      0,00      0,00     99,00
12:02:39        all      0,00      0,00      0,00      0,00      0,00    100,00
12:02:40        all      0,00      0,00      0,00      0,50      0,00     99,50
12:02:41        all      0,00      0,00      0,00      0,00      0,00    100,00
12:02:42        all      0,50      0,00      0,00      0,00      0,00     99,50
12:02:43        all      0,50      0,00      0,00      0,00      0,00     99,50
12:02:44        all      0,50      0,00      0,00      0,00      0,00     99,50
12:02:45        all      0,00      0,00      0,00      1,49      0,00     98,51
12:02:46        all      0,00      0,00      0,50      0,00      0,00     99,50
12:02:47        all      0,00      0,00      0,00      0,00      0,00    100,00
12:02:48        all      0,00      0,00      0,00      0,00      0,00    100,00
12:02:49        all      0,00      0,00      0,00      0,00      0,00    100,00
12:02:50        all      1,00      0,00      1,00      0,50      0,00     97,51
12:02:51        all      0,50      0,00      0,00      0,00      0,00     99,50
12:02:52        all      0,00      0,00      0,00      0,00      0,00    100,00
12:02:53        all      0,50      0,00      0,00      0,00      0,00     99,50
12:02:54        all      0,00      0,00      0,00      0,00      0,00    100,00
12:02:55        all      0,50      0,00      0,00      1,00      0,00     98,51
12:02:56        all      0,50      0,00      0,00      0,00      0,00     99,50
12:02:57        all      0,00      0,00      0,00      0,00      0,00    100,00
12:02:58        all      0,00      0,00      0,50      0,00      0,00     99,50
12:02:59        all      0,00      0,00      0,00      0,00      0,00    100,00
12:03:00        all      0,50      0,00      0,00      0,50      0,00     98,99
12:03:01        all      0,00      0,50      0,00      0,00      0,00     99,50
12:03:02        all      0,50      0,00      1,00      0,00      0,00     98,50
12:03:03        all      0,00      0,00      0,00      0,00      0,00    100,00
12:03:04        all      0,00      0,00      0,50      0,00      0,00     99,50
12:03:05        all      0,00      0,00      0,00      0,50      0,00     99,50
12:03:06        all      0,00      0,00      0,50      0,00      0,00     99,50
12:03:07        all      0,00      0,00      0,00      0,00      0,00    100,00
12:03:08        all      0,00      0,00      0,00      0,50      0,00     99,50
12:03:09        all      1,00      0,00      0,00      0,00      0,00     99,00
12:03:10        all      0,00      0,00      0,00      0,51      0,00     99,49
12:03:11        all      0,00      0,00      0,00      0,00      0,00    100,00
12:03:12        all      0,50      0,00      0,00      0,00      0,00     99,50
12:03:13        all      0,00      0,00      0,00      0,00      0,00    100,00
12:03:14        all      0,00      0,00      0,00      0,00      0,00    100,00
12:03:15        all      0,00      0,00      0,50      0,50      0,00     98,99
12:03:16        all      1,01      0,00      0,00      0,00      0,00     98,99
12:03:17        all      0,50      0,00      1,00      0,00      0,00     98,51
12:03:18        all      0,00      0,50      0,00      0,00      0,00     99,50
12:03:19        all      0,50      0,00      1,49      0,00      0,00     98,02
12:03:20        all      0,00      0,00      0,50      1,00      0,00     98,50
12:03:21        all      0,99      0,00      0,50      0,00      0,00     98,51
12:03:22        all      0,00      0,00      0,50      0,00      0,00     99,50
12:03:23        all      0,00      0,00      0,00      0,00      0,00    100,00
12:03:24        all      0,50      0,00      0,00      0,00      0,00     99,50
12:03:25        all      0,00      0,00      0,00      0,51      0,00     99,49
12:03:26        all      0,00      0,00      0,50      0,00      0,00     99,50
12:03:27        all      0,50      0,00      0,50      0,00      0,00     99,00
12:03:28        all      0,00      0,00      0,99      0,00      0,00     99,01
12:03:29        all      0,50      0,00      0,00      0,00      0,00     99,50
12:03:30        all      0,00      0,00      0,00      0,51      0,00     99,49
12:03:31        all      1,00      0,00      0,00      0,00      0,00     99,00
12:03:32        all      0,00      0,00      0,00      0,00      0,00    100,00
12:03:33        all      0,00      0,00      0,00      0,00      0,00    100,00
12:03:34        all      0,00      0,00      0,00      0,00      0,00    100,00
12:03:35        all      0,50      0,00      0,00      1,00      0,00     98,51
12:03:36        all      0,00      0,00      0,50      0,00      0,00     99,50
12:03:37        all      0,50      0,00      0,00      0,00      0,00     99,50
12:03:38        all      0,00      0,00      0,00      0,00      0,00    100,00
12:03:39        all      0,00      0,00      0,00      0,00      0,00    100,00
12:03:40        all      0,00      0,00      0,00      0,51      0,00     99,49
12:03:41        all      0,50      0,00      0,50      0,00      0,00     99,00
12:03:42        all      0,00      0,00      0,00      0,00      0,00    100,00
12:03:43        all      0,50      0,00      0,50      0,00      0,00     98,99
12:03:44        all      0,00      0,00      0,00      0,00      0,00    100,00
12:03:45        all      0,00      0,00      0,00      0,51      0,00     99,49
12:03:46        all      0,50      0,00      0,50      0,00      0,00     99,00
12:03:47        all      0,00      0,00      0,00      0,00      0,00    100,00
12:03:48        all      0,50      0,00      0,00      0,00      0,00     99,50
12:03:49        all      0,50      0,00      0,00      0,00      0,00     99,50
12:03:50        all      0,50      0,00      0,50      1,00      0,00     98,01
12:03:51        all      0,00      0,00      0,51      0,00      0,00     99,49
12:03:52        all      0,00      0,00      0,00      0,00      0,00    100,00
12:03:53        all      0,00      0,00      0,00      0,00      0,00    100,00
12:03:54        all      0,50      0,00      0,50      0,00      0,00     99,00
12:03:55        all      0,50      0,00      1,00      1,00      0,00     97,50
12:03:56        all     12,00      0,50      5,50      0,50      0,00     81,50
12:03:57        all      0,50      0,00      0,50      0,00      0,00     99,00
12:03:58        all      1,00      0,00      0,00      0,00      0,00     99,00


Average:        all      0,27      0,02      0,19      0,18      0,00     99,34
